100
1 2 0
2 3 0
1 4 0
1 5 0
5 6 0
4 7 0
2 8 0
2 9 0
9 10 0
10 11 0
3 12 0
12 13 0
2 14 0
14 15 0
9 16 1
1 17 0
6 18 0
3 19 0
11 20 0
19 21 0
21 22 0
18 23 0
18 24 0
24 25 0
25 26 0
26 27 0
5 28 0
3 29 0
15 30 0
4 31 0
31 32 0
32 33 0
22 34 0
1 35 0
14 36 0
8 37 0
20 38 0
3 39 1
36 40 0
37 41 0
7 42 0
28 43 0
24 44 0
27 45 1
41 46 0
25 47 0
21 48 0
48 49 0
21 50 0
12 51 0
15 52 0
31 53 0
18 54 0
18 55 0
4 56 0
24 57 0
57 58 0
57 59 0
11 60 0
23 61 0
61 62 0
14 63 0
44 64 0
39 65 0
37 66 0
45 67 0
59 68 0
44 69 0
35 70 0
24 71 0
10 72 0
67 73 0
23 74 0
65 75 0
5 76 0
18 77 0
57 78 0
25 79 0
79 80 0
67 81 0
11 82 1
2 83 0
10 84 0
84 85 0
51 86 0
29 87 0
66 88 0
88 89 0
50 90 0
90 91 0
65 92 0
92 93 0
57 94 0
64 95 0
33 96 0
53 97 0
38 98 0
72 99 0
36 100 0
