100
1 2 0
2 3 0
1 4 1
4 5 0
1 6 0
6 7 0
7 8 1
5 9 1
2 10 0
9 11 0
11 12 1
10 13 0
1 14 0
14 15 0
15 16 0
16 17 0
16 18 0
18 19 0
18 20 0
20 21 0
10 22 0
15 23 0
23 24 0
24 25 0
17 26 0
8 27 1
25 28 0
28 29 0
29 30 0
30 31 0
31 32 0
27 33 0
33 34 0
34 35 0
35 36 0
19 37 0
29 38 0
28 39 0
12 40 0
40 41 0
41 42 0
2 43 1
43 44 0
8 45 0
6 46 0
46 47 0
47 48 0
37 49 0
49 50 0
36 51 0
51 52 1
52 53 0
53 54 0
54 55 0
3 56 0
56 57 0
57 58 0
58 59 1
14 60 0
60 61 0
61 62 0
23 63 0
4 64 0
64 65 0
33 66 0
33 67 1
67 68 0
68 69 0
7 70 0
45 71 0
71 72 0
28 73 0
73 74 0
74 75 0
75 76 0
9 77 0
77 78 0
68 79 0
9 80 0
80 81 0
70 82 0
82 83 0
83 84 0
43 85 0
85 86 0
86 87 0
69 88 0
42 89 0
66 90 0
90 91 0
91 92 0
92 93 0
30 94 0
94 95 0
1 96 0
17 97 1
24 98 0
98 99 1
99 100 0
