100
1 2 1
2 3 0
3 4 1
4 5 1
5 6 1
6 7 0
7 8 1
8 9 0
6 10 1
10 11 0
11 12 0
12 13 0
13 14 0
14 15 1
15 16 0
16 17 0
13 18 0
18 19 0
19 20 0
20 21 0
21 22 1
22 23 0
1 24 1
1 25 1
11 26 1
26 27 0
27 28 0
28 29 0
15 30 0
30 31 0
31 32 0
32 33 1
33 34 1
34 35 1
35 36 0
36 37 1
37 38 0
38 39 1
39 40 1
31 41 1
41 42 1
32 43 0
43 44 0
24 45 1
45 46 0
46 47 1
47 48 0
4 49 1
49 50 1
7 51 1
51 52 0
52 53 0
53 54 1
54 55 0
55 56 1
56 57 0
37 58 1
58 59 0
9 60 0
60 61 0
61 62 0
62 63 0
63 64 0
3 65 1
65 66 1
66 67 0
67 68 0
68 69 0
69 70 1
70 71 1
71 72 0
72 73 0
20 74 1
26 75 0
34 76 0
76 77 0
77 78 1
78 79 0
79 80 0
80 81 1
81 82 1
82 83 0
83 84 0
84 85 0
85 86 0
86 87 0
87 88 0
88 89 1
89 90 0
24 91 0
91 92 1
92 93 1
93 94 0
27 95 0
89 96 1
33 97 0
44 98 1
62 99 0
42 100 0
