996
33
74
857
288
673
934
730
663
582
235
454
809
135
735
438
848
650
956
127
811
566
780
750
204
773
956
714
689
994
483
699
321
827
189
913
999
491
262
233
759
779
509
584
967
120
271
948
304
767
889
17
365
769
98
29
354
773
977
584
779
585
895
161
434
887
972
268
783
192
86
999
222
375
503
175
897
956
368
305
510
78
392
861
835
60
447
675
786
975
195
22
639
478
336
352
331
228
974
312
595
70
735
458
930
696
919
431
905
84
338
867
818
559
741
99
432
275
931
841
187
105
797
986
274
708
952
234
638
689
129
16
282
654
375
254
691
683
640
360
459
440
613
750
515
64
674
302
912
334
963
813
130
560
325
955
29
418
788
578
527
388
353
749
353
148
201
159
760
604
662
492
930
817
451
815
158
783
502
186
429
951
33
935
661
816
706
773
703
403
350
437
452
241
176
911
274
556
395
987
790
670
165
795
77
760
858
650
344
200
101
817
507
235
244
484
473
373
759
271
657
138
934
17
611
14
608
289
373
487
109
143
280
258
609
532
680
725
485
633
577
495
292
826
233
535
50
89
742
342
0
850
425
843
781
448
676
970
636
71
340
149
969
857
123
591
27
229
450
152
178
660
426
383
534
237
65
305
610
22
396
889
253
145
474
557
811
120
788
646
695
261
386
419
741
307
864
274
839
446
366
574
587
84
138
329
315
964
542
560
45
940
299
174
281
374
212
629
563
830
246
942
391
511
499
146
716
226
917
383
692
163
690
873
803
290
131
939
788
113
67
588
362
169
865
365
324
426
366
613
581
438
835
536
144
508
198
991
190
672
89
30
12
940
187
769
903
317
372
637
235
387
356
749
369
387
562
138
939
884
920
279
183
225
262
597
716
484
194
299
85
924
452
736
782
308
309
805
65
302
831
259
646
861
718
802
707
688
566
476
663
203
327
927
357
449
621
28
830
504
418
258
322
716
417
818
793
850
120
164
911
728
519
735
164
288
559
694
595
902
702
42
229
122
140
33
591
123
278
558
720
329
1000
46
556
760
317
767
480
433
625
108
478
202
273
449
268
495
770
237
446
776
538
101
583
206
384
503
828
737
22
547
387
199
171
490
393
111
437
471
840
774
811
392
498
41
511
921
496
416
416
49
854
302
496
332
639
586
222
477
264
297
225
652
339
2
215
455
819
601
931
234
90
939
532
957
899
891
609
258
977
106
372
69
516
752
338
26
12
172
572
374
44
986
516
976
269
802
323
362
700
909
510
337
736
321
575
913
597
138
905
364
31
241
896
525
20
832
93
924
434
418
670
117
361
474
274
744
598
770
869
989
40
1
856
62
486
720
558
781
458
962
273
753
949
855
542
406
516
184
992
709
741
846
347
459
130
924
754
118
261
95
649
252
385
941
853
361
575
16
880
688
133
876
755
892
558
206
241
350
825
347
822
592
334
652
176
623
8
387
25
815
847
552
87
163
414
584
536
886
545
329
473
143
701
939
889
896
779
107
412
640
31
759
947
719
545
213
559
818
361
216
106
996
856
106
97
878
688
443
896
649
965
145
340
298
766
34
22
314
612
779
826
729
877
223
536
212
192
604
919
992
305
663
844
386
707
140
416
587
73
71
160
215
574
794
285
138
717
427
99
554
580
99
105
389
476
401
800
310
155
82
828
507
963
730
330
501
34
304
871
154
945
415
514
416
44
671
203
167
317
909
538
254
970
636
489
3
723
677
373
803
140
541
946
768
795
293
979
191
232
369
28
540
134
569
882
907
886
173
557
421
498
680
341
87
344
534
708
790
53
133
105
994
285
289
454
766
684
485
243
455
664
580
491
255
298
673
204
698
333
394
539
542
265
633
416
595
203
922
686
205
43
805
19
327
804
683
210
855
62
385
677
120
675
547
908
903
193
44
125
610
388
664
657
48
173
581
885
593
283
17
28
685
702
985
189
547
664
379
50
259
890
100
6
243
418
828
741
67
548
390
360
983
699
878
309
6
708
596
530
648
933
589
122
715
493
324
219
234
213
906
41
210
27
563
25
640
241
588
245
324
788
396
261
167
449
802
722
539
142
419
304
806
290
254
299
353
381
770
883
266
656
126
198
810
800
992
66
892
772
171
153
200
149
342
719
38
363
607
766
920
648
363
523
661
577
195
304
418
496
302
936
246
819
799
654
966
40
565
574
198
801
18
21
825
896
898
233
804
893
608
295
890
767
557
28
907
318
543
932
769
305
286
94
53
631
716
484
248
457
855
854
736
306
627
289
