868
46
826
778
220
482
89
264
726
841
50
327
993
610
659
30
403
152
741
507
50
202
607
641
642
459
781
108
427
437
710
543
872
569
240
960
475
368
368
268
811
927
134
146
895
268
418
150
535
738
894
340
87
938
29
157
10
355
927
575
730
445
850
853
998
41
649
341
265
116
925
126
145
235
556
744
936
523
219
734
549
614
405
697
201
795
930
880
654
733
943
0
35
140
847
839
711
231
214
206
575
682
386
78
531
847
54
656
568
593
6
348
513
757
252
558
18
869
328
398
382
128
804
11
426
506
480
656
941
363
266
719
451
83
482
847
269
236
487
295
833
83
506
266
412
369
301
93
880
142
917
425
123
233
951
146
565
114
456
757
63
858
735
14
726
40
586
853
294
211
142
965
397
737
758
237
955
682
693
5
370
992
876
54
102
929
314
416
447
951
658
782
166
236
873
320
279
121
600
686
959
743
578
48
583
787
936
930
293
771
714
582
818
374
393
57
295
651
471
978
318
215
235
966
192
781
547
557
596
235
176
436
384
643
243
152
413
217
490
134
873
951
851
776
499
802
621
308
92
800
292
989
604
927
842
467
557
410
779
731
166
802
78
291
140
583
789
406
909
282
760
502
400
942
645
891
552
852
614
785
479
806
957
376
469
959
964
776
456
323
173
631
100
956
574
197
915
59
175
299
757
825
587
22
562
130
233
486
299
718
328
1000
656
654
481
869
434
180
106
271
490
416
542
642
615
821
137
788
723
613
320
612
249
204
995
327
718
791
480
882
127
693
368
920
282
16
208
149
506
821
365
746
295
148
179
669
935
316
559
307
195
138
564
17
382
478
424
235
883
774
333
370
258
65
384
316
376
904
362
218
894
246
258
969
513
977
386
108
475
297
635
832
205
973
51
340
739
42
362
693
635
576
301
439
949
756
998
36
487
858
769
832
910
195
612
377
940
761
803
799
341
178
422
544
500
563
904
628
291
475
77
506
381
360
947
577
640
324
440
443
310
839
973
682
184
481
89
925
414
349
580
668
371
187
30
328
444
668
322
411
133
242
586
137
962
617
504
242
744
216
350
268
946
433
738
386
853
762
641
864
714
52
38
362
794
947
753
344
754
355
69
212
533
568
880
18
864
500
841
819
253
606
806
668
918
681
536
345
806
583
782
781
926
722
500
756
31
430
381
403
31
118
423
668
41
627
447
848
680
589
379
566
602
110
841
31
689
455
155
953
532
350
989
857
507
852
637
979
214
214
916
149
257
604
697
494
644
294
469
556
573
771
286
177
923
183
642
947
499
765
567
802
716
307
456
3
47
256
893
49
649
36
640
636
451
820
527
822
411
481
632
191
121
141
408
651
897
378
579
604
299
34
128
283
372
937
651
263
222
197
283
348
533
445
691
789
367
956
920
763
900
718
921
780
171
221
710
174
952
705
213
456
936
671
110
988
810
222
807
754
46
910
105
816
267
322
613
978
480
96
585
168
935
490
375
393
329
93
786
444
683
804
202
753
673
987
708
460
310
383
402
32
452
290
542
448
600
594
924
818
253
834
273
515
426
713
182
298
252
969
83
314
377
896
386
265
495
419
283
674
876
520
684
984
731
410
985
577
488
676
672
591
217
997
476
354
936
840
177
535
592
650
251
921
863
628
520
655
522
184
360
33
271
139
174
975
804
963
227
952
127
586
84
778
733
898
763
619
161
708
604
801
141
525
53
296
610
822
245
128
310
461
111
613
432
646
658
762
569
927
216
694
271
314
469
11
976
26
465
404
196
331
872
208
608
209
495
542
694
718
763
965
54
305
425
799
396
56
143
286
628
545
410
733
16
783
435
747
222
875
952
519
911
608
863
424
255
982
895
855
935
402
699
681
406
272
918
897
395
460
399
545
458
455
648
868
772
171
795
774
417
558
737
965
287
761
334
293
620
817
844
722
234
664
534
208
595
982
863
877
452
934
906
543
834
633
940
162
957
