472
341
382
403
769
759
470
949
307
17
212
883
265
680
27
358
693
56
569
604
180
243
327
864
328
579
258
708
452
390
155
273
426
75
957
540
27
662
926
284
23
65
351
212
338
649
939
799
579
377
144
68
906
442
179
27
980
384
575
184
781
264
176
786
290
934
269
34
470
693
418
864
160
182
902
100
827
151
103
915
108
755
555
249
648
653
932
626
179
389
664
432
759
59
988
459
997
443
421
270
958
838
24
458
201
357
472
405
225
589
600
64
827
978
931
266
55
823
729
517
8
301
529
722
632
629
373
322
713
953
144
554
406
127
811
695
205
987
709
550
972
211
180
517
201
203
747
509
980
190
86
384
691
65
289
198
757
383
741
379
512
499
235
220
257
788
943
544
900
658
52
468
874
406
18
221
189
641
108
505
552
291
499
500
985
327
512
663
138
21
319
427
358
379
513
550
811
681
762
377
81
847
867
803
646
233
533
385
51
635
140
908
787
870
992
744
784
285
485
18
129
487
622
717
604
961
410
514
588
650
622
249
992
75
883
87
23
402
433
650
907
415
62
243
44
905
357
638
385
186
329
270
387
336
936
329
579
806
206
849
81
531
624
136
836
887
346
253
900
771
924
513
94
715
397
242
523
227
872
604
110
158
640
17
361
655
742
836
298
298
40
747
668
347
321
486
224
471
828
678
316
55
24
943
647
246
1
397
838
521
983
642
356
499
846
270
805
414
493
865
180
320
126
923
398
155
802
234
472
350
286
812
143
953
126
284
171
924
675
74
245
579
173
792
740
245
666
732
163
824
866
233
749
839
59
896
523
293
133
346
345
939
818
576
97
115
103
124
856
542
484
361
794
529
15
728
449
836
871
814
76
673
78
35
568
455
57
683
565
592
339
721
536
953
620
542
239
995
976
190
531
911
674
478
77
972
989
789
810
869
256
172
112
810
896
624
433
734
321
630
17
582
385
175
839
788
676
668
116
362
276
219
631
206
988
366
717
29
665
795
782
240
97
458
132
956
260
975
517
474
30
318
712
197
741
575
453
218
279
514
476
52
230
255
575
177
449
514
526
103
889
948
558
