310
345
89
469
937
810
6
223
15
32
793
917
900
95
200
838
35
236
812
326
346
455
184
802
153
395
554
145
70
429
338
610
471
310
961
850
345
995
134
226
210
1000
249
433
241
499
246
277
641
752
213
213
245
645
898
617
548
674
262
251
366
485
46
125
634
704
905
539
343
718
169
101
241
566
249
528
505
101
82
850
493
758
35
256
966
329
29
890
107
41
792
122
581
257
417
730
859
980
104
916
812
528
298
82
325
75
940
605
582
788
623
846
496
663
234
108
910
413
709
448
18
543
280
453
276
212
562
499
962
408
849
208
885
706
864
573
866
616
112
453
782
618
413
502
83
256
560
890
415
661
463
106
656
873
230
587
591
228
950
944
264
546
983
118
195
322
130
95
38
223
249
641
200
548
787
97
862
90
413
387
99
42
479
861
385
601
957
742
72
385
838
884
709
63
994
231
388
211
663
169
215
141
951
810
377
476
633
605
577
535
686
954
102
383
210
962
687
208
324
408
300
268
62
654
101
539
240
757
747
53
26
191
559
38
61
830
498
703
246
651
158
295
137
581
14
629
234
992
555
790
680
600
906
170
855
541
360
453
391
415
322
136
334
121
495
127
903
319
330
793
218
543
287
629
397
404
807
691
937
343
428
622
68
807
134
938
450
620
887
380
117
233
425
787
81
779
575
39
680
932
831
142
378
249
488
118
702
707
465
126
802
