375
317
973
986
0
410
458
510
213
870
181
69
53
966
562
461
174
736
450
274
237
2
18
193
440
422
170
727
477
641
30
829
201
336
29
994
883
637
314
95
188
934
942
342
541
149
362
971
411
731
173
416
506
112
107
375
173
243
249
592
865
245
279
16
86
238
9
447
180
866
231
534
289
363
688
445
892
571
218
834
948
939
972
511
439
281
641
792
468
124
238
73
943
57
930
998
62
1000
669
348
407
425
347
150
588
81
655
654
300
547
106
104
540
236
928
302
282
958
190
839
353
565
404
506
544
942
469
579
964
703
896
641
160
346
435
977
144
642
370
300
487
275
378
907
903
279
850
324
524
277
643
680
210
794
884
858
774
729
381
995
677
83
643
928
879
497
271
864
57
847
613
674
516
861
790
928
569
318
791
306
246
832
88
928
348
649
508
60
878
305
262
380
178
76
733
894
238
802
628
785
987
581
960
336
504
60
262
221
805
597
670
786
587
980
40
474
533
214
118
979
494
836
16
868
184
25
44
143
361
314
314
156
107
198
924
366
839
565
943
860
270
631
678
250
993
309
435
585
787
420
665
762
3
171
57
357
507
187
787
121
969
80
461
881
372
897
872
472
162
898
620
54
70
247
252
514
897
553
698
849
692
734
333
78
61
700
708
272
797
699
403
588
404
721
901
319
944
631
113
669
916
46
337
381
104
640
318
560
330
814
283
465
494
472
218
946
809
314
770
261
395
206
595
44
913
537
623
758
323
102
91
879
722
385
776
277
593
66
91
744
103
228
294
594
262
136
64
350
875
192
1000
534
554
726
240
19
724
600
730
154
398
625
696
102
540
993
795
685
409
67
469
636
511
953
249
313
