333
902
381
124
510
411
70
171
222
432
962
882
830
250
650
436
99
939
18
103
923
472
667
619
495
726
816
767
73
529
51
310
858
406
263
956
125
572
337
822
862
192
613
742
755
452
983
892
988
453
672
728
935
342
100
464
781
285
561
396
278
475
35
562
476
446
315
217
47
680
871
326
862
605
265
380
995
421
721
668
47
457
388
426
71
121
221
256
669
9
604
953
105
140
747
329
860
436
728
231
744
486
953
155
273
116
566
982
928
381
444
954
232
775
266
436
104
510
984
396
583
253
467
110
172
269
617
356
81
995
302
382
180
38
561
609
961
990
478
462
608
359
348
804
321
205
443
527
517
1000
146
802
509
163
950
697
205
270
198
659
746
98
379
65
182
325
41
503
154
860
461
780
71
156
474
581
279
927
332
299
536
16
298
805
446
461
767
332
943
444
572
96
812
711
367
674
743
388
161
136
651
248
345
766
687
91
295
366
863
63
389
414
702
136
9
558
464
5
381
322
363
298
136
452
847
154
908
475
381
843
875
249
703
808
156
878
497
9
309
509
619
169
107
221
723
138
388
495
685
37
152
820
354
763
76
891
926
434
966
288
748
385
494
295
553
978
647
424
539
341
227
928
24
275
295
771
857
991
500
215
217
603
362
324
349
495
0
627
606
322
739
405
795
564
536
890
587
572
223
876
695
556
672
942
601
45
283
211
434
183
26
410
855
974
953
318
940
782
900
165
87
660
292
210
725
175
707
184
960
781
596
529
462
221
