311
899
31
874
538
219
82
465
335
225
955
907
799
787
462
671
24
962
657
347
605
475
719
26
808
775
317
721
445
774
620
648
769
311
951
8
154
758
669
926
901
624
58
172
372
909
511
21
109
539
502
570
326
367
31
479
913
112
343
754
882
457
892
794
359
742
747
530
415
4
858
265
410
586
343
659
925
277
490
384
897
501
699
294
113
703
36
433
90
376
319
474
135
545
236
844
183
477
850
357
880
317
968
911
459
473
284
198
203
184
208
188
639
369
163
497
706
550
27
311
975
530
925
423
592
920
496
678
604
7
419
490
159
974
151
165
311
676
579
106
704
324
934
667
466
652
259
228
829
64
128
124
143
276
897
178
8
826
384
251
512
917
353
751
672
94
931
204
90
172
718
918
866
304
911
865
481
887
132
675
91
323
197
553
845
193
464
702
417
678
397
659
207
999
308
936
587
21
429
586
649
427
420
258
471
379
890
254
769
561
418
497
769
450
663
183
785
63
326
42
324
802
791
267
577
848
213
300
368
960
757
733
313
691
908
470
47
215
2
518
89
642
137
705
712
609
457
312
49
529
854
58
917
709
745
764
125
755
230
578
487
13
364
656
203
668
532
468
958
963
825
937
885
37
699
345
447
227
611
427
379
468
4
629
147
57
868
944
506
290
256
919
402
830
789
92
970
131
412
708
153
523
978
962
70
668
588
405
714
463
932
247
