368
341
635
442
0
896
899
317
172
891
868
249
603
503
291
659
702
325
878
735
381
308
790
126
229
801
840
926
421
764
19
94
184
969
382
133
470
348
330
292
622
576
138
968
311
777
825
623
747
303
191
250
27
527
660
896
281
796
72
729
650
712
482
466
379
684
531
252
135
45
244
111
714
64
807
464
442
773
316
688
878
914
560
829
716
167
601
790
425
293
746
840
264
755
351
267
290
261
962
62
871
217
84
68
410
728
952
339
946
118
793
796
118
362
263
3
492
859
569
767
98
415
803
408
83
22
226
582
479
552
965
688
313
47
794
710
642
922
996
343
616
119
356
748
920
560
105
588
686
982
717
954
305
197
280
859
881
347
796
136
176
671
413
392
588
606
918
495
365
902
447
234
530
64
817
247
313
217
744
143
674
654
826
355
586
439
547
631
900
858
545
843
175
51
393
556
185
701
779
516
374
106
424
330
212
409
264
788
450
131
418
304
390
171
566
969
832
276
877
407
810
199
814
258
491
967
737
523
757
624
101
190
111
623
376
454
680
657
138
141
100
925
493
167
672
443
974
432
288
15
98
458
986
661
65
1
200
218
292
565
877
589
495
867
71
217
689
908
801
571
854
762
792
38
977
340
767
534
551
353
705
625
158
756
457
376
501
24
922
692
809
268
714
547
475
79
761
391
550
675
626
411
800
123
422
773
714
350
626
534
972
952
185
84
808
638
571
508
843
979
173
285
786
20
183
24
713
360
832
596
953
951
438
633
179
532
754
565
164
483
359
582
240
547
69
874
657
564
545
842
992
109
497
506
444
165
8
782
958
782
401
552
186
226
302
455
567
625
187
