45 50
98932 20545 90051 0 0 73825 2533 53415 0 0 19887 0 12162 60796 0 20173 92964 51393 59242 10955 0 23061 5604 0 57458 44405 3088 45474 0 0 39284 75948 85407 79437 25313 0 0 13561 3110 55743 29977 0 89523 13594 14763 3376 0 17028 0 93764
0 69658 94836 93214 0 16449 31237 22676 0 9432 51656 0 79261 49920 64602 37176 67680 50075 0 10782 46933 97876 93643 97493 44168 64721 92868 0 0 0 76555 57584 0 0 24126 23425 0 77354 0 19258 94125 98754 17637 39045 0 0 0 41843 98554 37797
0 0 40344 97350 51800 0 50584 0 0 55955 2732 20935 27918 0 27027 0 97128 976 1455 0 94185 0 0 75808 42180 13467 83355 88485 52859 46682 10650 85024 35582 0 0 0 0 76194 27692 28155 23887 24359 0 84061 0 14223 0 39122 78908 43912
0 0 0 34406 71963 4460 0 0 0 0 89888 82907 0 26979 3354 0 4116 0 0 0 95669 4193 73704 42189 0 70208 18050 38617 0 0 47737 974 0 55620 60607 44401 74797 6573 0 18058 76647 0 0 0 41670 44438 62035 67057 72418 91869
0 0 0 0 12900 4665 57233 87670 0 9162 0 12850 95895 61229 49887 0 7707 0 19557 0 0 27820 49136 55535 53915 4004 87594 0 52043 58477 22669 54853 89623 4137 83419 72847 0 26632 2242 72766 24772 0 0 47352 73323 0 0 75377 87140 80233
0 0 0 0 0 28291 0 0 0 10094 15437 87690 0 0 0 71352 66532 0 60850 0 23247 4025 0 0 73032 12422 10800 69086 0 92592 90101 0 37125 73697 4777 0 38440 26561 0 0 0 44234 59081 20061 0 0 46591 0 44044 88039
0 0 0 0 0 0 0 56566 147 0 0 66471 33400 36964 24600 83035 36003 0 0 64935 0 37894 2256 0 0 32525 0 68936 71920 31348 63806 9395 7009 15331 0 0 0 92022 65296 5147 0 92789 25850 0 0 9213 7852 37480 0 58662
0 0 0 0 0 0 0 0 28654 0 98582 5378 0 0 712 66717 91419 45512 0 0 0 92400 83685 0 875 73372 842 0 7892 0 93976 0 29433 28974 64021 16824 34635 0 79480 0 52255 0 0 98600 93411 0 27861 13273 93307 0
0 0 0 0 0 0 0 0 0 54249 6008 20664 0 28265 0 50181 0 0 0 76864 0 0 45820 0 26201 0 96989 6110 26528 87872 49686 0 0 0 28902 0 91514 63728 34929 72572 0 63159 0 81510 52627 79430 14965 75556 84788 0
0 0 0 0 0 0 0 0 0 0 0 35135 48974 20662 15652 6719 0 34183 0 4315 8913 0 96000 73882 92881 0 12285 0 90047 0 0 0 82018 76107 66286 0 64873 0 45923 42056 54626 59528 0 9342 43106 86774 83369 79038 68806 0
0 0 0 0 0 0 0 0 0 0 0 0 0 97541 5247 0 81971 0 16120 0 9105 45131 40086 71846 26620 42692 0 92354 13726 91052 5414 1914 1084 27596 2698 63114 36187 0 0 72832 0 25512 95739 0 0 1478 0 58324 0 0
0 0 0 0 0 0 0 0 0 0 0 0 0 0 1747 0 95588 22549 69274 0 49651 76384 92160 93991 45254 48781 72766 78844 0 26964 2539 72598 32575 97162 0 0 81048 0 26656 0 744 85607 0 57403 63210 0 0 79078 0 0
0 0 0 0 0 0 0 0 0 0 0 0 0 0 0 79024 0 0 0 60172 92997 91913 0 41694 0 49889 0 33783 94495 53246 0 84584 0 69999 44502 13943 0 78632 27418 5199 63265 7547 78174 6383 86005 37298 0 0 69269 77771
0 0 0 0 0 0 0 0 0 0 0 0 0 0 0 0 43527 0 5529 33575 58355 92527 0 52047 17209 53546 83004 67433 84401 0 0 16177 37568 50348 68041 39387 0 12012 81191 0 92393 0 31117 69655 17140 0 0 0 0 94257
0 0 0 0 0 0 0 0 0 0 0 0 0 0 0 0 0 53783 11970 93107 62903 0 0 0 22168 23549 26316 0 55918 0 0 44981 1039 45706 89804 23864 12160 44815 85611 0 0 91849 0 53954 45322 37175 0 0 95283 0
0 0 0 0 0 0 0 0 0 0 0 0 0 0 0 0 0 0 0 0 29173 90339 0 5112 15321 0 85783 27719 0 4637 8570 0 58527 148 93559 5514 90605 0 62009 0 0 0 72117 0 34312 90324 66452 10375 44017 18139
0 0 0 0 0 0 0 0 0 0 0 0 0 0 0 0 0 0 0 0 0 0 0 0 2469 19906 22211 35332 88668 0 0 25007 94417 82141 0 0 38938 0 74761 92312 55194 10382 89600 28875 87729 0 86092 7296 98789 89395
0 0 0 0 0 0 0 0 0 0 0 0 0 0 0 0 0 0 0 0 0 0 0 0 0 84700 91295 15290 99601 0 0 29519 46014 82404 0 82291 32606 0 70182 27106 26214 54727 84831 0 0 70472 0 0 0 81231
0 0 0 0 0 0 0 0 0 0 0 0 0 0 0 0 0 0 0 0 0 0 0 0 0 0 0 0 55527 46703 48558 35772 34749 64385 25687 97918 78518 0 97614 21900 0 62311 1251 17266 97462 0 57259 11937 0 8791
0 0 0 0 0 0 0 0 0 0 0 0 0 0 0 0 0 0 0 0 0 0 0 0 0 0 0 0 0 42922 8964 0 13303 0 38361 43332 13490 19256 0 31479 17110 0 82748 54200 52045 25471 0 0 0 63999
0 0 0 0 0 0 0 0 0 0 0 0 0 0 0 0 0 0 0 0 0 0 0 0 0 0 0 0 0 0 7967 0 42903 56425 29616 38285 0 88389 74508 22554 0 0 31147 0 84864 65872 83219 0 33065 0
0 0 0 0 0 0 0 0 0 0 0 0 0 0 0 0 0 0 0 0 0 0 0 0 0 0 0 0 0 0 0 38258 52628 12729 98889 66921 0 58939 69421 0 55768 46472 84684 9617 60820 82974 65163 68629 64366 10416
0 0 0 0 0 0 0 0 0 0 0 0 0 0 0 0 0 0 0 0 0 0 0 0 0 0 0 0 0 0 0 0 89637 0 49844 15180 76486 0 95846 0 92064 62909 0 26159 20464 0 0 0 0 0
0 0 0 0 0 0 0 0 0 0 0 0 0 0 0 0 0 0 0 0 0 0 0 0 0 0 0 0 0 0 0 0 0 67175 63989 0 12258 0 0 58151 0 0 76609 16661 0 0 0 0 0 17084
0 0 0 0 0 0 0 0 0 0 0 0 0 0 0 0 0 0 0 0 0 0 0 0 0 0 0 0 0 0 0 0 0 0 74566 0 77408 0 36973 7931 9950 84647 72293 57678 69945 60228 0 52219 57591 0
0 0 0 0 0 0 0 0 0 0 0 0 0 0 0 0 0 0 0 0 0 0 0 0 0 0 0 0 0 0 0 0 0 0 0 69717 29081 0 34425 55865 47891 4335 54921 48512 34068 21458 73436 0 0 0
0 0 0 0 0 0 0 0 0 0 0 0 0 0 0 0 0 0 0 0 0 0 0 0 0 0 0 0 0 0 0 0 0 0 0 0 13304 0 15425 0 1152 62634 49685 68406 90142 63574 10067 72434 70400 45475
0 0 0 0 0 0 0 0 0 0 0 0 0 0 0 0 0 0 0 0 0 0 0 0 0 0 0 0 0 0 0 0 0 0 0 0 0 0 0 88268 0 56803 88497 61268 8370 46031 0 37573 17286 33298
0 0 0 0 0 0 0 0 0 0 0 0 0 0 0 0 0 0 0 0 0 0 0 0 0 0 0 0 0 0 0 0 0 0 0 0 0 0 0 0 98909 24458 61754 0 36631 0 0 44280 70666 29833
0 0 0 0 0 0 0 0 0 0 0 0 0 0 0 0 0 0 0 0 0 0 0 0 0 0 0 0 0 0 0 0 0 0 0 0 0 0 0 0 0 18664 97151 53692 94945 2467 85331 60033 62289 10076
0 0 0 0 0 0 0 0 0 0 0 0 0 0 0 0 0 0 0 0 0 0 0 0 0 0 0 0 0 0 0 0 0 0 0 0 0 0 0 0 0 0 51641 80 24992 34960 96278 82215 8489 0
0 0 0 0 0 0 0 0 0 0 0 0 0 0 0 0 0 0 0 0 0 0 0 0 0 0 0 0 0 0 0 0 0 0 0 0 0 0 0 0 0 0 0 0 56976 91965 0 18785 0 39027
0 0 0 0 0 0 0 0 0 0 0 0 0 0 0 0 0 0 0 0 0 0 0 0 0 0 0 0 0 0 0 0 0 0 0 0 0 0 0 0 0 0 0 0 0 0 90659 89959 89958 0
0 0 0 0 0 0 0 0 0 0 0 0 0 0 0 0 0 0 0 0 0 0 0 0 0 0 0 0 0 0 0 0 0 0 0 0 0 0 0 0 0 0 0 0 0 0 0 34875 0 33182
0 0 0 0 0 0 0 0 0 0 0 0 0 0 0 0 0 0 0 0 0 0 0 0 0 0 0 0 0 0 0 0 0 0 0 0 0 0 0 0 0 0 0 0 0 0 0 0 0 25783
0 0 0 0 0 0 0 0 0 0 0 0 0 0 0 0 0 0 0 0 0 0 0 0 0 0 0 0 0 0 0 0 0 0 0 0 0 0 0 0 0 0 0 0 0 0 0 0 0 0
0 0 0 0 0 0 0 0 0 0 0 0 0 0 0 0 0 0 0 0 0 0 0 0 0 0 0 0 0 0 0 0 0 0 0 0 0 0 0 0 0 0 0 0 0 0 0 0 0 0
0 0 0 0 0 0 0 0 0 0 0 0 0 0 0 0 0 0 0 0 0 0 0 0 0 0 0 0 0 0 0 0 0 0 0 0 0 0 0 0 0 0 0 0 0 0 0 0 0 0
0 0 0 0 0 0 0 0 0 0 0 0 0 0 0 0 0 0 0 0 0 0 0 0 0 0 0 0 0 0 0 0 0 0 0 0 0 0 0 0 0 0 0 0 0 0 0 0 0 0
0 0 0 0 0 0 0 0 0 0 0 0 0 0 0 0 0 0 0 0 0 0 0 0 0 0 0 0 0 0 0 0 0 0 0 0 0 0 0 0 0 0 0 0 0 0 0 0 0 0
0 0 0 0 0 0 0 0 0 0 0 0 0 0 0 0 0 0 0 0 0 0 0 0 0 0 0 0 0 0 0 0 0 0 0 0 0 0 0 0 0 0 0 0 0 0 0 0 0 0
0 0 0 0 0 0 0 0 0 0 0 0 0 0 0 0 0 0 0 0 0 0 0 0 0 0 0 0 0 0 0 0 0 0 0 0 0 0 0 0 0 0 0 0 0 0 0 0 0 0
0 0 0 0 0 0 0 0 0 0 0 0 0 0 0 0 0 0 0 0 0 0 0 0 0 0 0 0 0 0 0 0 0 0 0 0 0 0 0 0 0 0 0 0 0 0 0 0 0 0
0 0 0 0 0 0 0 0 0 0 0 0 0 0 0 0 0 0 0 0 0 0 0 0 0 0 0 0 0 0 0 0 0 0 0 0 0 0 0 0 0 0 0 0 0 0 0 0 0 0
0 0 0 0 0 0 0 0 0 0 0 0 0 0 0 0 0 0 0 0 0 0 0 0 0 0 0 0 0 0 0 0 0 0 0 0 0 0 0 0 0 0 0 0 0 0 0 0 0 0
