500
1 2 0
1 3 0
3 4 0
1 5 0
5 6 0
6 7 0
1 8 0
4 9 0
3 10 1
6 11 0
11 12 0
6 13 0
13 14 0
14 15 1
9 16 0
16 17 1
15 18 0
16 19 1
14 20 0
8 21 0
12 22 1
17 23 0
11 24 0
4 25 1
25 26 0
2 27 0
10 28 0
6 29 0
21 30 0
15 31 1
16 32 0
24 33 0
8 34 0
15 35 0
35 36 0
9 37 0
13 38 0
38 39 1
6 40 0
13 41 0
9 42 1
37 43 0
4 44 0
5 45 0
3 46 0
35 47 1
47 48 0
44 49 0
49 50 1
25 51 0
51 52 0
52 53 1
53 54 0
54 55 0
4 56 0
23 57 0
45 58 0
14 59 0
28 60 1
60 61 0
52 62 1
27 63 1
18 64 0
38 65 0
44 66 0
51 67 0
65 68 0
9 69 0
3 70 0
52 71 1
17 72 0
7 73 0
73 74 1
74 75 0
75 76 0
53 77 0
77 78 0
78 79 0
48 80 0
80 81 1
81 82 0
82 83 0
6 84 0
68 85 0
28 86 1
86 87 1
78 88 0
79 89 0
65 90 0
44 91 0
62 92 0
63 93 0
31 94 0
27 95 0
57 96 0
6 97 0
97 98 0
18 99 0
33 100 0
66 101 0
75 102 1
60 103 0
103 104 0
104 105 1
105 106 0
106 107 1
76 108 0
30 109 0
67 110 0
41 111 0
98 112 0
45 113 1
112 114 0
105 115 1
27 116 0
95 117 1
54 118 0
53 119 0
99 120 0
68 121 0
25 122 0
24 123 0
102 124 0
124 125 0
24 126 0
82 127 0
127 128 1
89 129 0
58 130 0
99 131 0
129 132 0
22 133 1
33 134 1
120 135 1
5 136 0
104 137 0
104 138 1
75 139 1
104 140 0
119 141 0
6 142 0
60 143 0
119 144 0
108 145 0
42 146 1
74 147 0
90 148 0
148 149 0
42 150 0
93 151 0
151 152 1
38 153 0
114 154 0
1 155 0
90 156 0
34 157 0
60 158 0
103 159 0
63 160 0
26 161 0
75 162 0
162 163 0
55 164 0
95 165 1
108 166 1
82 167 0
103 168 0
106 169 0
98 170 0
108 171 0
79 172 0
107 173 0
56 174 1
174 175 0
135 176 0
113 177 0
177 178 0
142 179 1
54 180 0
129 181 0
30 182 0
6 183 0
60 184 1
53 185 0
138 186 0
25 187 0
137 188 0
152 189 1
189 190 1
1 191 0
191 192 0
115 193 0
193 194 0
179 195 0
107 196 0
195 197 0
33 198 0
50 199 0
97 200 0
118 201 0
94 202 1
134 203 1
188 204 0
29 205 1
62 206 1
146 207 0
1 208 0
137 209 1
135 210 0
128 211 0
55 212 0
164 213 0
21 214 0
214 215 0
86 216 1
34 217 0
12 218 0
53 219 0
136 220 0
15 221 1
197 222 0
41 223 0
155 224 0
21 225 0
218 226 0
48 227 1
118 228 1
99 229 0
125 230 0
28 231 0
23 232 0
232 233 0
173 234 0
122 235 0
204 236 0
231 237 0
85 238 0
21 239 0
111 240 0
205 241 0
75 242 0
242 243 0
11 244 0
40 245 0
227 246 0
68 247 0
10 248 0
248 249 0
81 250 0
250 251 0
179 252 0
61 253 0
161 254 0
175 255 0
255 256 0
87 257 0
187 258 0
100 259 0
163 260 0
260 261 0
88 262 1
23 263 0
127 264 0
71 265 0
50 266 1
247 267 1
182 268 0
1 269 0
5 270 0
218 271 0
136 272 0
154 273 0
226 274 0
18 275 0
275 276 0
276 277 0
277 278 0
278 279 0
201 280 0
72 281 0
281 282 1
220 283 1
116 284 0
91 285 0
285 286 1
256 287 0
271 288 1
278 289 1
271 290 1
70 291 0
135 292 0
155 293 1
5 294 0
294 295 0
281 296 0
182 297 0
275 298 0
180 299 0
299 300 0
300 301 0
85 302 1
25 303 0
179 304 1
304 305 0
16 306 0
86 307 1
307 308 0
308 309 0
309 310 0
310 311 0
311 312 0
93 313 0
196 314 0
169 315 0
183 316 0
184 317 1
90 318 0
221 319 0
187 320 0
184 321 0
106 322 1
307 323 1
156 324 0
197 325 0
43 326 1
316 327 0
327 328 0
174 329 0
195 330 0
330 331 0
331 332 0
50 333 0
279 334 1
68 335 0
249 336 1
53 337 0
174 338 0
41 339 1
339 340 0
52 341 0
324 342 0
43 343 1
184 344 1
222 345 0
110 346 0
135 347 0
91 348 0
202 349 0
247 350 0
350 351 0
123 352 0
165 353 0
226 354 0
352 355 0
129 356 1
356 357 0
24 358 0
346 359 0
116 360 1
197 361 0
165 362 0
182 363 1
19 364 0
166 365 1
165 366 0
366 367 0
367 368 0
166 369 0
307 370 0
327 371 0
10 372 0
372 373 1
373 374 0
289 375 0
90 376 0
117 377 0
231 378 1
378 379 0
13 380 1
276 381 0
234 382 1
134 383 0
53 384 0
139 385 1
81 386 1
386 387 0
334 388 0
111 389 1
33 390 1
390 391 0
326 392 0
217 393 1
120 394 0
7 395 0
395 396 0
55 397 0
397 398 1
398 399 1
399 400 0
185 401 1
296 402 0
402 403 0
9 404 0
43 405 0
74 406 0
42 407 0
166 408 0
329 409 0
210 410 0
252 411 0
296 412 0
146 413 1
297 414 0
145 415 0
389 416 1
33 417 1
224 418 0
415 419 0
276 420 0
157 421 0
342 422 0
84 423 0
235 424 0
89 425 0
170 426 0
426 427 0
205 428 0
296 429 0
20 430 0
164 431 0
411 432 0
125 433 0
317 434 1
222 435 0
155 436 0
436 437 0
437 438 0
98 439 0
345 440 0
94 441 0
329 442 0
331 443 0
52 444 0
271 445 1
350 446 1
446 447 0
447 448 0
237 449 0
437 450 0
374 451 0
157 452 1
338 453 0
112 454 0
150 455 0
272 456 0
269 457 0
85 458 0
458 459 0
10 460 1
184 461 0
437 462 1
462 463 0
89 464 0
67 465 0
465 466 1
421 467 0
13 468 0
13 469 0
415 470 0
470 471 0
471 472 1
3 473 1
186 474 0
98 475 0
460 476 0
309 477 0
223 478 0
244 479 0
479 480 0
59 481 0
228 482 0
194 483 0
128 484 0
209 485 0
49 486 1
426 487 0
410 488 0
488 489 0
13 490 0
169 491 0
262 492 0
328 493 1
5 494 0
111 495 0
213 496 0
496 497 0
308 498 0
393 499 0
499 500 1
