500
1 2 1
2 3 1
1 4 0
4 5 0
5 6 0
6 7 0
7 8 0
8 9 0
6 10 0
10 11 0
11 12 0
1 13 0
13 14 0
14 15 0
15 16 0
16 17 0
17 18 0
18 19 0
13 20 0
7 21 0
21 22 0
22 23 0
23 24 0
24 25 0
25 26 0
5 27 1
27 28 0
28 29 0
29 30 0
30 31 0
31 32 0
32 33 1
28 34 0
34 35 0
35 36 1
36 37 1
37 38 0
38 39 0
39 40 1
40 41 0
19 42 0
42 43 0
43 44 0
44 45 0
45 46 0
46 47 1
47 48 0
48 49 0
49 50 0
49 51 1
51 52 0
52 53 1
14 54 0
24 55 1
55 56 0
12 57 1
57 58 0
58 59 0
58 60 1
21 61 0
61 62 1
62 63 0
63 64 0
33 65 0
65 66 0
61 67 0
67 68 1
68 69 0
24 70 0
70 71 0
71 72 0
72 73 0
73 74 0
74 75 1
17 76 0
55 77 0
77 78 0
78 79 0
14 80 1
80 81 1
60 82 0
82 83 0
73 84 0
84 85 0
62 86 0
86 87 0
87 88 1
88 89 0
84 90 1
90 91 0
73 92 0
92 93 1
93 94 0
94 95 0
95 96 0
63 97 0
44 98 0
98 99 0
99 100 0
100 101 0
101 102 0
102 103 0
50 104 0
104 105 0
105 106 0
2 107 1
8 108 0
108 109 0
109 110 0
7 111 0
111 112 0
112 113 0
113 114 0
114 115 0
84 116 0
29 117 1
117 118 0
118 119 0
51 120 0
120 121 1
121 122 0
122 123 0
123 124 1
124 125 0
30 126 0
101 127 0
110 128 0
128 129 0
129 130 0
130 131 0
131 132 0
130 133 0
133 134 0
134 135 0
135 136 0
136 137 0
137 138 0
138 139 0
139 140 0
60 141 1
141 142 0
142 143 0
143 144 1
144 145 0
145 146 0
146 147 0
147 148 1
126 149 0
149 150 1
150 151 0
151 152 1
152 153 0
64 154 0
140 155 1
155 156 0
156 157 0
157 158 0
158 159 0
67 160 0
160 161 1
115 162 0
162 163 0
163 164 1
80 165 0
165 166 0
156 167 1
167 168 0
168 169 0
169 170 0
170 171 1
171 172 1
87 173 0
173 174 0
174 175 0
175 176 0
176 177 0
177 178 0
178 179 0
100 180 0
180 181 0
181 182 0
182 183 0
183 184 0
184 185 1
185 186 1
186 187 0
187 188 0
163 189 1
30 190 0
190 191 0
124 192 0
192 193 0
119 194 0
46 195 0
44 196 0
122 197 0
197 198 0
1 199 1
98 200 1
189 201 0
201 202 0
202 203 0
203 204 0
203 205 1
205 206 0
206 207 0
207 208 0
57 209 0
209 210 0
210 211 1
165 212 0
212 213 0
213 214 1
159 215 0
203 216 0
54 217 1
217 218 0
218 219 0
219 220 0
195 221 0
120 222 0
222 223 0
69 224 0
224 225 0
225 226 0
226 227 0
227 228 0
228 229 0
229 230 1
230 231 0
216 232 0
232 233 0
233 234 1
105 235 1
233 236 0
236 237 0
237 238 0
105 239 0
239 240 0
240 241 0
133 242 0
242 243 1
243 244 0
244 245 0
245 246 0
148 247 0
247 248 1
100 249 0
240 250 1
167 251 0
251 252 0
252 253 0
253 254 0
254 255 0
255 256 0
256 257 0
74 258 0
258 259 1
153 260 0
260 261 0
261 262 0
262 263 1
263 264 1
233 265 0
55 266 0
266 267 0
267 268 0
268 269 0
15 270 0
270 271 0
271 272 0
7 273 0
273 274 0
274 275 0
275 276 0
276 277 0
277 278 0
278 279 0
279 280 0
112 281 0
281 282 0
282 283 1
283 284 0
284 285 0
285 286 0
101 287 0
287 288 1
114 289 0
18 290 0
290 291 0
291 292 0
292 293 0
293 294 0
294 295 0
295 296 0
296 297 0
297 298 0
248 299 1
299 300 0
300 301 1
301 302 0
302 303 1
154 304 0
252 305 0
305 306 0
306 307 0
307 308 1
111 309 0
309 310 0
310 311 0
45 312 1
312 313 0
313 314 0
314 315 0
315 316 0
51 317 1
125 318 0
318 319 0
319 320 0
196 321 0
321 322 0
112 323 0
73 324 0
324 325 0
11 326 0
326 327 0
327 328 0
328 329 0
329 330 1
222 331 0
331 332 0
171 333 0
333 334 0
334 335 0
335 336 0
336 337 0
337 338 1
338 339 0
339 340 1
340 341 1
341 342 0
342 343 0
343 344 0
272 345 0
345 346 0
346 347 0
14 348 0
348 349 0
252 350 1
350 351 1
351 352 0
352 353 0
45 354 0
321 355 1
355 356 0
356 357 0
284 358 0
358 359 0
359 360 1
360 361 0
95 362 0
362 363 0
363 364 0
18 365 0
365 366 0
366 367 1
367 368 0
368 369 1
369 370 1
78 371 0
371 372 1
372 373 1
373 374 1
374 375 0
375 376 0
376 377 0
377 378 1
378 379 0
149 380 1
120 381 0
381 382 1
138 383 0
383 384 0
384 385 0
385 386 0
386 387 0
387 388 1
388 389 1
389 390 0
390 391 0
391 392 0
392 393 0
393 394 1
394 395 0
395 396 0
396 397 0
286 398 0
398 399 0
399 400 0
23 401 0
401 402 0
402 403 0
403 404 0
404 405 0
405 406 1
406 407 1
261 408 0
408 409 0
195 410 0
410 411 0
150 412 0
412 413 0
413 414 0
414 415 0
415 416 0
210 417 1
417 418 1
56 419 0
419 420 0
420 421 0
421 422 0
12 423 0
423 424 0
424 425 0
425 426 0
426 427 1
427 428 0
428 429 0
429 430 1
430 431 0
431 432 0
432 433 0
433 434 0
434 435 0
435 436 0
436 437 0
437 438 1
284 439 0
239 440 0
440 441 0
441 442 1
442 443 0
443 444 0
444 445 0
445 446 0
220 447 0
447 448 0
448 449 0
39 450 0
450 451 0
451 452 0
452 453 0
418 454 0
454 455 0
455 456 0
456 457 0
457 458 0
207 459 0
459 460 0
460 461 1
461 462 0
462 463 0
463 464 0
92 465 0
465 466 0
466 467 1
45 468 0
361 469 1
113 470 0
470 471 0
471 472 0
32 473 1
473 474 0
151 475 1
247 476 0
476 477 1
477 478 0
132 479 0
479 480 0
16 481 0
97 482 1
482 483 0
483 484 0
484 485 0
485 486 0
486 487 0
487 488 0
488 489 0
345 490 0
490 491 0
491 492 0
492 493 0
193 494 0
494 495 0
88 496 0
461 497 1
497 498 0
498 499 0
499 500 0
