48 60
11
14
41
50
58
103
143
156
176
213
230
249
251
258
268
283
327
363
365
407
433
436
442
502
516
540
542
551
558
616
649
663
670
674
774
784
790
794
822
856
869
883
893
913
916
940
947
967
8 49
77 73
-46 -17
-19 -94
5 31
77 20
-77 -15
-69 27
67 8
-49 7
4 85
-55 -83
32 -6
3 -83
94 56
-66 2
4 61
-26 59
-57 5
15 48
-64 -59
-83 -41
-24 -51
86 93
7 87
-1 -90
71 44
78 -47
-62 -69
-30 -69
87 -46
33 -59
-86 57
50 -92
-88 -86
6 -52
-45 24
-43 31
23 94
-27 -71
80 72
-61 1
-35 67
54 -47
98 -77
-15 35
-22 68
26 -8
-25 -25
0 -13
-11 -94
-15 -6
-20 -8
75 -98
-15 -53
-69 -85
-82 -80
16 -67
87 -31
-13 35
