15 76
39
67
166
219
287
338
389
498
511
615
675
719
791
834
913
-2 11
-72 -35
-43 -35
56 -46
0 81
-15 98
-97 18
-94 70
67 100
-81 92
94 37
96 80
-83 -69
-3 -92
-34 8
-52 64
-82 -24
79 -75
41 -16
-21 91
-36 64
88 -32
-69 94
-63 98
94 -94
89 37
-7 35
-34 11
66 13
19 82
-80 67
-5 89
94 -27
-87 34
58 -8
-25 72
-95 -38
-61 -64
-94 -73
84 50
84 22
-64 -23
-44 2
88 73
65 -44
54 85
73 100
23 66
-28 36
-50 80
78 25
52 33
87 41
19 43
68 2
-8 52
-77 28
-72 -70
80 66
-98 44
72 6
-22 44
5 -100
-40 28
36 10
7 -37
85 -92
96 71
0 14
-36 -33
66 56
69 40
-66 47
70 -87
-38 72
8 -67
