10 1000
0 5
0 5
0 6
0 6
0 7
0 7
0 8
1 6
1 6
1 8
1 8
1 9
1 9
1 9
2 6
2 6
3 5
3 8
3 8
3 9
4 5
4 5
4 7
4 7
4 7
4 7
5 5
5 5
5 6
5 6
5 7
5 8
5 9
5 9
5 9
6 5
6 8
6 9
7 5
7 6
7 6
7 8
7 8
8 5
8 5
8 5
8 6
9 5
9 7
9 8
9 9
10 5
10 5
10 6
10 6
10 8
10 9
10 9
11 5
11 6
11 6
11 7
11 7
11 8
11 8
11 8
11 9
11 9
12 7
12 7
13 5
13 5
13 7
13 8
13 8
13 8
13 9
14 7
14 8
14 8
14 8
15 5
15 6
15 7
15 7
15 7
16 5
16 5
16 6
16 6
16 8
16 8
16 9
16 9
17 5
17 6
17 7
17 7
17 7
17 7
17 7
18 5
18 6
18 6
18 6
18 6
18 7
18 8
18 8
18 8
18 8
19 6
19 6
19 6
19 8
19 8
19 9
19 9
20 6
20 6
20 7
20 9
20 9
20 9
20 9
20 9
21 5
21 6
21 7
21 7
21 8
21 8
21 8
22 5
22 6
22 7
22 9
23 6
23 7
23 8
23 9
23 9
24 6
24 6
24 8
24 8
24 8
24 8
24 9
25 5
25 5
25 5
25 6
25 6
25 7
25 8
25 8
25 8
25 8
25 9
25 9
25 9
26 5
26 9
26 9
26 9
27 6
27 6
27 8
27 9
28 5
28 6
28 7
28 7
28 8
28 9
28 9
28 9
29 5
29 5
29 6
29 9
29 9
29 9
30 5
30 6
30 6
30 7
30 7
30 7
30 7
30 7
30 7
30 9
30 9
31 5
31 7
31 7
31 7
31 8
32 5
32 6
32 7
32 8
32 9
33 5
33 5
33 5
33 7
33 8
33 8
33 9
34 5
34 5
34 6
34 6
34 7
34 7
34 7
34 8
34 8
34 9
35 6
35 7
35 7
35 7
36 5
36 5
36 6
36 6
36 6
36 7
36 8
36 8
36 8
36 9
36 9
37 5
37 6
37 7
37 7
37 8
37 8
37 8
37 8
37 9
38 5
38 5
38 6
38 6
38 6
38 6
38 7
38 8
38 8
38 9
39 5
39 5
39 5
39 6
39 6
39 8
39 8
39 8
39 9
40 5
40 6
40 6
40 6
40 6
40 7
40 8
40 8
40 9
40 9
41 5
41 5
41 8
41 8
41 9
41 9
42 5
42 6
42 8
42 9
42 9
43 7
43 9
43 9
43 9
43 9
44 5
44 5
44 5
44 6
44 8
44 8
45 5
45 6
45 6
45 7
45 7
45 9
46 6
46 7
46 8
46 9
46 9
47 5
47 5
47 6
47 7
47 7
47 8
47 8
47 8
47 9
48 5
48 5
48 6
48 6
49 5
49 5
49 5
49 6
49 6
49 7
49 8
49 8
49 8
49 9
49 9
49 9
50 5
50 5
50 5
50 6
50 7
50 8
50 8
50 9
51 5
51 6
51 6
51 7
51 7
51 9
51 9
51 9
52 6
52 6
52 6
52 8
52 8
52 8
52 9
53 5
53 5
53 7
53 8
53 9
53 9
53 9
54 6
54 6
54 7
54 7
54 8
54 9
55 5
55 7
55 7
55 8
55 8
55 8
55 9
55 9
56 5
56 5
56 6
56 6
56 6
56 6
56 7
56 7
56 7
56 9
57 5
57 6
57 6
57 7
57 8
58 5
58 6
58 6
58 7
58 7
58 7
58 8
58 9
58 9
58 9
58 9
59 5
59 5
59 6
59 9
59 9
60 7
60 8
60 8
60 9
60 9
61 6
61 6
61 6
61 8
61 9
61 9
61 9
62 5
62 5
62 6
62 6
62 7
62 8
62 8
62 9
63 5
63 5
63 5
63 5
63 6
63 7
63 7
63 7
63 8
63 8
63 8
63 8
63 9
64 5
64 5
64 6
64 7
64 8
65 6
65 7
65 9
66 5
66 5
66 5
66 5
66 6
66 7
66 7
66 7
66 9
67 5
67 6
67 7
67 7
67 8
68 5
68 5
68 6
68 7
68 8
68 8
69 5
69 5
69 6
69 6
69 7
69 8
69 8
69 8
69 9
69 9
70 7
70 7
70 8
70 8
71 5
71 6
71 8
71 8
71 9
71 9
71 9
71 9
71 9
71 9
72 6
72 7
72 7
72 8
72 8
72 8
72 8
73 6
73 6
73 7
73 8
73 9
74 5
74 5
74 7
74 7
74 8
74 9
74 9
75 5
75 6
75 7
75 7
75 7
75 8
75 9
76 5
76 6
76 7
76 8
77 5
77 5
77 5
77 8
77 9
78 5
78 5
78 7
78 7
78 8
78 9
79 5
79 5
79 5
79 6
79 7
79 8
79 9
79 9
79 9
79 9
79 9
80 5
80 5
80 8
80 9
81 5
81 5
81 6
81 7
81 7
81 7
81 8
81 8
81 8
81 9
81 9
82 6
82 7
83 5
83 5
83 6
83 6
83 6
83 7
83 8
83 8
83 8
83 9
84 5
84 6
84 7
84 7
84 8
84 8
85 5
85 5
85 5
85 6
85 7
85 8
85 9
85 9
86 5
86 5
86 7
86 7
86 8
86 8
86 8
86 9
86 9
87 5
87 7
87 7
87 8
87 8
87 8
87 9
88 6
88 7
88 9
89 5
89 6
89 7
89 8
89 9
90 5
90 5
90 6
90 7
90 8
90 8
90 8
90 8
91 5
91 6
91 8
91 9
91 9
91 9
91 9
92 5
92 5
92 7
92 7
93 5
93 5
93 5
93 5
93 7
93 8
93 8
93 8
93 9
94 7
94 7
94 7
95 5
95 6
95 6
95 7
95 8
95 9
95 9
96 5
96 5
96 5
96 7
96 8
96 8
96 9
96 9
97 6
97 6
97 6
97 7
97 8
97 9
97 9
97 9
98 5
98 5
98 6
98 6
98 7
98 7
99 5
99 5
99 5
99 6
99 7
99 7
99 8
100 5
100 5
100 6
100 7
100 9
101 6
101 6
101 8
101 8
101 9
101 9
101 9
101 9
102 5
102 6
102 6
102 6
102 6
102 7
102 8
102 8
102 8
102 9
103 5
103 5
103 5
103 6
103 6
103 7
103 8
103 9
103 9
104 5
104 6
104 7
104 8
104 9
104 9
105 5
105 6
105 6
105 7
105 9
106 6
106 7
106 7
106 8
106 9
107 5
107 7
107 8
107 8
107 8
107 8
107 9
107 9
107 9
108 5
108 5
108 6
108 6
108 7
108 8
108 8
108 8
109 5
109 5
109 5
109 7
109 8
109 8
109 8
110 5
110 5
110 6
110 8
110 9
111 5
111 6
111 6
111 8
111 9
112 7
112 7
112 8
113 5
113 5
113 6
113 6
113 6
113 8
113 8
113 9
113 9
114 6
114 6
114 6
114 6
114 7
114 7
114 8
114 9
115 5
115 5
115 6
115 8
115 8
116 5
116 6
116 6
116 6
116 8
116 8
117 6
117 7
117 7
117 8
117 9
117 9
118 5
118 6
118 7
118 7
119 7
119 7
119 8
119 9
119 9
119 9
120 5
120 7
120 7
120 8
120 8
120 8
120 8
120 9
120 9
121 5
121 8
122 6
122 6
122 6
122 8
122 8
123 5
123 5
123 5
123 7
123 7
123 7
123 9
123 9
123 9
123 9
124 5
124 6
124 7
124 8
124 8
124 9
124 9
125 6
125 6
125 8
126 5
126 7
126 8
127 5
127 7
127 7
127 8
127 9
128 5
128 6
128 7
128 7
128 8
128 8
128 9
129 5
129 6
129 6
129 8
129 8
130 5
130 5
130 5
130 5
130 5
130 7
130 7
130 8
130 8
131 6
131 8
131 8
131 8
131 9
132 5
132 8
132 8
132 9
133 5
133 5
133 6
133 6
133 6
133 6
133 7
133 7
133 9
133 9
133 9
134 7
134 8
134 9
135 6
135 6
135 8
135 8
136 5
136 8
136 9
137 5
137 5
137 5
137 6
137 7
137 7
137 7
137 7
137 8
137 8
137 8
137 9
138 5
138 5
138 6
138 6
138 7
138 7
138 8
138 8
138 9
138 9
138 9
139 5
139 5
139 6
139 7
139 8
139 8
140 5
140 6
140 6
140 8
141 5
141 6
141 7
141 8
141 8
141 9
142 5
142 6
142 7
142 7
142 7
142 7
142 7
142 8
142 8
142 8
142 9
142 9
143 5
143 5
143 6
143 6
143 7
143 7
143 7
143 7
143 7
144 7
144 8
144 8
144 8
144 8
144 9
145 5
145 7
145 7
145 7
145 8
146 5
146 5
146 6
146 8
146 8
146 8
146 9
146 9
146 9
146 9
147 6
147 7
147 7
147 8
147 8
147 9
147 9
148 5
148 5
148 6
148 8
148 8
148 9
148 9
148 9
149 5
149 7
149 9
