20 18 79
11 15 420
9 11 500
2 11 314
15 16 851
1 14 204
6 16 864
4 17 470
14 20 543
12 19 490
9 13 376
6 8 55
2 5 377
4 9 889
8 10 220
10 18 865
1 9 890
17 20 26
5 7 157
1 2 999
2 3 998
3 4 997
4 5 996
5 6 995
6 7 994
7 8 993
8 9 992
9 10 991
10 11 990
11 12 989
12 13 988
13 14 987
14 15 986
15 16 985
16 17 984
17 18 983
18 19 982
19 20 981
5 15 839
2 12 855
7 20 331
5 8 53
9 18 41
4 16 168
7 17 270
1 10 232
7 10 705
11 20 556
1 16 506
16 19 824
1 5 512
2 19 14
5 19 648
1 12 281
13 19 355
7 19 474
8 11 252
6 18 114
8 15 797
7 18 177
9 14 471
8 14 264
10 18 5
10 13 288
4 18 569
6 9 51
4 10 235
4 20 533
5 11 523
11 17 134
10 14 699
1 6 675
1 7 165
9 17 575
1 8 650
3 14 190
3 15 309
2 11 839
3 12 497
7 13 896
11 16 235
8 20 618
2 7 368
3 6 258
1 15 49
10 19 608
7 15 541
5 10 647
9 19 73
2 18 691
6 10 503
12 19 667
10 12 684
1 9 796
3 20 456
4 14 536
4 9 117
1 19 151
