25 23 99
8 11 647
11 19 329
6 21 709
9 21 85
16 23 112
4 23 373
17 18 335
9 11 38
15 24 856
14 24 418
6 10 613
2 23 303
5 13 849
10 16 737
15 21 301
2 7 871
13 17 682
17 19 640
6 11 833
20 21 54
13 21 533
3 5 764
7 15 345
1 2 999
2 3 998
3 4 997
4 5 996
5 6 995
6 7 994
7 8 993
8 9 992
9 10 991
10 11 990
11 12 989
12 13 988
13 14 987
14 15 986
15 16 985
16 17 984
17 18 983
18 19 982
19 20 981
20 21 980
21 22 979
22 23 978
23 24 977
24 25 976
2 15 7
3 15 717
2 25 537
6 22 304
6 16 478
13 17 316
2 13 366
14 18 449
3 9 383
11 25 736
11 22 773
2 20 45
7 14 788
6 11 491
6 19 636
3 23 536
1 19 150
17 21 415
4 18 798
13 15 500
4 20 625
9 13 61
17 22 665
11 14 781
20 22 149
10 19 60
5 15 836
6 10 202
7 17 869
10 23 415
6 23 102
12 23 208
23 25 625
8 20 118
11 16 667
18 25 804
9 23 892
2 12 879
6 8 474
13 24 29
12 15 562
7 24 727
4 12 154
1 9 239
7 19 552
10 18 102
8 10 749
9 25 287
4 15 669
15 17 727
9 11 531
19 21 223
7 22 395
10 22 688
14 17 194
14 24 86
14 16 463
1 3 879
2 24 355
9 22 683
8 11 635
8 19 578
2 22 604
12 20 493
7 9 753
6 25 877
4 9 787
11 21 615
10 17 358
13 16 550
5 13 307
14 22 561
7 21 118
14 20 760
16 21 326
