100 98 399
55 74 453
13 51 366
31 60 237
3 4 417
21 87 438
65 88 486
10 48 178
24 78 261
12 94 88
32 66 237
46 68 128
59 61 501
13 76 110
9 100 248
33 35 177
38 60 582
6 82 349
15 49 776
73 84 872
37 82 488
18 22 552
25 56 324
19 65 182
13 41 331
32 75 302
43 84 271
1 88 13
10 88 135
11 59 628
32 60 181
15 34 63
85 100 140
24 71 579
50 87 404
26 88 873
6 28 696
36 82 865
27 87 389
11 94 536
9 52 427
10 59 192
13 53 228
59 89 362
14 98 702
4 10 164
4 84 114
72 97 504
37 100 190
42 54 251
76 82 685
25 27 748
62 91 712
8 84 129
48 68 254
28 96 140
6 81 310
43 72 151
44 86 784
4 13 831
27 67 44
90 96 766
10 71 429
5 57 584
47 54 581
35 60 583
11 85 234
35 59 563
38 94 511
82 91 258
51 61 830
27 51 516
23 78 162
37 64 287
79 96 853
76 97 827
8 100 733
16 97 133
24 34 486
27 50 359
4 24 628
37 38 33
28 74 353
23 27 571
15 75 319
14 32 474
17 77 872
17 37 112
70 84 200
42 51 482
47 90 183
24 58 592
56 77 405
20 21 386
1 29 689
4 28 375
50 81 732
77 95 253
8 71 730
1 2 999
2 3 998
3 4 997
4 5 996
5 6 995
6 7 994
7 8 993
8 9 992
9 10 991
10 11 990
11 12 989
12 13 988
13 14 987
14 15 986
15 16 985
16 17 984
17 18 983
18 19 982
19 20 981
20 21 980
21 22 979
22 23 978
23 24 977
24 25 976
25 26 975
26 27 974
27 28 973
28 29 972
29 30 971
30 31 970
31 32 969
32 33 968
33 34 967
34 35 966
35 36 965
36 37 964
37 38 963
38 39 962
39 40 961
40 41 960
41 42 959
42 43 958
43 44 957
44 45 956
45 46 955
46 47 954
47 48 953
48 49 952
49 50 951
50 51 950
51 52 949
52 53 948
53 54 947
54 55 946
55 56 945
56 57 944
57 58 943
58 59 942
59 60 941
60 61 940
61 62 939
62 63 938
63 64 937
64 65 936
65 66 935
66 67 934
67 68 933
68 69 932
69 70 931
70 71 930
71 72 929
72 73 928
73 74 927
74 75 926
75 76 925
76 77 924
77 78 923
78 79 922
79 80 921
80 81 920
81 82 919
82 83 918
83 84 917
84 85 916
85 86 915
86 87 914
87 88 913
88 89 912
89 90 911
90 91 910
91 92 909
92 93 908
93 94 907
94 95 906
95 96 905
96 97 904
97 98 903
98 99 902
99 100 901
60 71 246
17 22 581
21 78 74
55 91 850
8 61 177
41 78 146
4 16 411
78 96 204
6 51 7
25 98 695
39 90 353
80 96 160
40 55 644
37 63 113
58 72 418
11 15 345
61 100 235
7 33 48
9 93 272
24 39 430
48 76 861
40 52 130
29 90 337
22 86 578
64 84 154
35 93 451
18 62 342
21 29 276
77 90 580
47 58 464
14 79 631
22 68 646
6 74 63
67 74 793
60 85 49
76 89 814
40 58 632
33 98 358
53 94 526
52 79 238
12 47 86
41 55 409
76 93 130
60 76 101
61 81 634
34 100 382
7 80 347
4 11 878
27 69 646
5 99 693
3 89 308
10 12 650
47 67 505
3 75 711
23 57 51
92 98 665
93 97 532
8 29 175
30 38 687
55 98 23
15 53 898
3 33 830
54 63 307
40 47 596
45 56 372
3 13 754
29 68 8
32 84 846
6 68 487
50 100 199
63 75 23
53 95 346
15 63 275
25 46 450
1 21 757
9 48 361
5 31 454
52 92 699
55 90 580
15 28 294
10 75 432
33 62 359
60 75 769
63 65 99
65 98 452
28 81 278
37 42 788
69 100 544
53 89 166
10 94 475
7 95 586
36 90 636
73 86 569
3 53 132
6 72 820
13 60 21
28 39 820
73 99 873
38 78 113
7 72 65
6 92 369
88 99 468
56 69 778
53 78 460
1 72 253
53 55 228
35 78 299
10 97 395
13 67 383
65 96 435
73 82 198
27 61 193
29 98 597
38 77 101
39 44 234
53 86 246
68 89 371
26 68 725
28 63 883
55 81 100
16 66 796
35 54 281
11 39 679
17 71 772
55 79 53
23 62 77
73 100 626
17 60 275
42 91 640
61 63 263
59 69 51
45 66 166
4 82 67
11 71 376
39 84 336
75 77 522
4 47 403
82 91 230
47 51 369
52 81 847
35 65 159
39 57 777
35 42 168
7 60 756
48 65 452
51 89 227
81 83 133
14 42 297
87 96 250
23 72 861
10 26 640
84 86 669
62 93 38
24 82 143
36 52 758
30 42 467
53 57 332
8 16 795
14 32 461
30 56 767
3 71 352
6 76 890
14 30 849
2 54 346
70 79 629
46 68 282
36 96 784
55 58 474
14 86 776
64 83 233
44 66 789
25 28 485
44 72 191
45 67 127
10 53 704
61 97 217
13 25 891
64 75 136
2 81 233
2 19 409
88 93 503
21 55 535
24 99 375
33 93 357
23 93 815
12 41 471
7 11 803
32 50 84
12 85 116
37 66 176
28 62 335
15 78 112
66 92 253
13 80 704
58 93 819
41 67 383
11 99 733
57 76 191
1 89 881
55 88 163
83 93 304
4 27 100
23 48 295
19 95 763
60 77 811
20 80 50
53 56 511
25 60 274
34 96 167
41 80 153
16 84 786
40 72 488
14 90 211
21 76 689
24 52 863
52 54 337
34 54 347
48 92 34
11 98 694
22 95 777
51 55 238
20 57 606
63 82 97
52 88 733
38 88 596
23 28 752
72 79 564
24 96 571
18 90 596
65 94 123
30 61 70
64 93 43
14 77 790
45 74 130
10 34 729
8 15 453
18 88 774
16 94 303
74 76 659
25 40 39
65 84 639
27 60 736
5 35 663
44 59 45
6 87 263
12 62 365
36 54 562
18 25 165
47 84 290
27 93 289
45 60 888
18 86 229
49 97 541
72 93 727
77 94 689
48 83 899
19 21 205
22 91 522
44 60 5
55 78 56
13 28 220
21 71 360
20 37 753
46 90 183
19 63 696
39 83 866
92 95 160
26 78 767
30 97 472
37 52 288
28 72 851
21 42 383
42 68 107
58 86 450
50 97 259
34 74 578
64 71 301
47 61 57
41 81 261
32 61 494
63 70 27
6 73 543
37 65 394
62 72 545
31 45 33
42 45 321
22 81 569
2 71 104
29 96 77
85 96 178
22 46 727
16 68 353
13 74 630
42 46 601
12 32 213
48 87 388
58 79 133
40 59 283
8 65 316
67 87 696
