50 50
19230 0 0 25077 61054 15136 17954 0 0 71059 0 50258 44421 61736 26355 3180 0 49548 0 97038 0 18973 52424 31329 35411 0 8234 81370 98217 30455 0 19366 0 0 51065 69321 0 51451 0 78996 62692 69778 0 55448 0 0 0 28311 67973 45465
51494 5488 0 66782 0 9058 40084 80005 83887 40322 14876 0 98179 76025 0 18419 86118 31542 0 59749 0 61465 78694 81907 0 31707 344 0 91503 0 16712 0 97165 65647 67674 57368 94640 28609 67051 17650 48706 94366 34565 89842 32501 0 41694 0 41647 0
0 51132 95279 97321 0 15500 10942 67293 28248 0 23420 50538 0 9016 0 20599 21954 67867 57830 0 82191 38902 0 0 56228 30020 92097 0 72342 6906 45370 0 84530 0 0 0 71579 63691 33350 34753 0 0 82397 81008 0 75864 0 0 71064 173
0 0 0 72505 0 77340 87552 82660 69103 28714 36554 0 0 12525 0 0 0 18671 82234 84210 80311 13459 8202 32676 0 60876 0 47729 54018 17899 41287 45942 3631 0 77496 0 0 0 0 0 49660 55754 64957 61168 18790 0 94506 52988 0 42385
0 0 0 0 30876 9277 69436 34409 0 66330 39519 28945 0 0 41294 44079 59864 7576 0 0 73984 0 4964 46614 0 89046 39455 0 57641 0 98694 34208 66808 39281 63721 0 2515 76051 25867 20860 19382 0 66431 65104 0 31057 89527 27152 57472 81715
0 0 0 0 0 83951 67730 24707 36842 23675 25038 0 95168 0 0 46541 96828 0 0 70418 5434 86404 99988 52879 90769 0 1481 63808 51142 98814 0 0 0 93970 0 94190 87276 35286 64397 0 59493 58497 30158 87056 20688 62896 0 0 76894 0
0 0 0 0 0 0 0 46823 90290 78950 0 49334 48380 34436 79914 28936 0 0 0 67561 15499 72034 55064 0 80678 7613 0 38374 0 0 38097 76047 0 66808 80542 78963 0 74550 31899 93612 57265 61357 94536 0 35518 0 19634 82945 99480 51197
0 0 0 0 0 0 0 0 0 15901 0 0 50531 79624 0 82462 69725 0 0 88243 0 76597 65867 73037 80862 49414 0 0 16059 0 0 0 49537 40139 40779 0 0 0 0 17169 58663 0 72880 10533 66732 40373 0 0 44716 20736
0 0 0 0 0 0 0 0 0 0 69362 64569 84555 0 59734 65897 35566 0 4014 47325 75030 81372 76119 0 0 24655 45002 29650 80849 0 83765 44734 0 0 84447 0 18493 30873 92894 46886 3609 85573 85581 41635 92475 0 82054 42095 90729 28805
0 0 0 0 0 0 0 0 0 0 0 9871 0 0 96892 77711 47444 85415 3962 76489 88060 78429 0 76315 0 32398 92217 26689 0 0 0 47615 0 87631 21329 0 47945 21124 40066 0 27444 0 0 35395 0 14747 88782 98307 22744 46731
0 0 0 0 0 0 0 0 0 0 0 0 81953 0 67339 0 0 69634 86253 0 0 10442 34973 469 0 44090 66533 97667 952 35299 0 26256 0 1964 95836 12436 87238 11207 46770 83596 0 67750 0 15352 54115 58734 85697 36345 0 50227
0 0 0 0 0 0 0 0 0 0 0 0 0 13419 0 0 0 52339 77857 5317 49633 18657 56125 0 64876 0 73899 0 44831 0 0 0 0 0 0 67507 68965 75161 86164 61653 67314 14816 414 0 94547 6722 96790 0 52280 75377
0 0 0 0 0 0 0 0 0 0 0 0 0 0 0 85447 0 70803 0 55090 18182 91741 22688 46227 93589 0 0 25307 30280 79807 0 0 4888 0 78197 0 53280 61428 31160 2618 24033 0 79627 2177 0 84962 97929 69505 73851 6569
0 0 0 0 0 0 0 0 0 0 0 0 0 0 0 0 0 0 0 21976 0 84402 0 0 6594 0 0 70127 24660 35099 46837 43844 95084 0 70871 95014 0 33355 43476 0 0 0 90460 66294 66676 27960 0 35516 16298 0
0 0 0 0 0 0 0 0 0 0 0 0 0 0 0 0 0 0 0 0 0 0 41638 52908 24781 0 0 66587 53575 5982 0 33035 0 0 94491 37861 84013 84433 93061 4460 27366 0 0 1211 86929 0 71092 0 99601 75656
0 0 0 0 0 0 0 0 0 0 0 0 0 0 0 0 0 0 0 0 0 0 0 0 0 0 0 81529 9337 11921 79119 80029 0 0 0 0 0 0 87133 0 67496 89886 23605 0 15159 91277 24727 80771 3288 65314
0 0 0 0 0 0 0 0 0 0 0 0 0 0 0 0 0 0 0 0 0 0 0 0 0 0 0 0 2196 14038 6399 28718 91060 0 0 0 0 0 63287 33322 92834 0 0 65153 60122 61444 0 23098 73412 20548
0 0 0 0 0 0 0 0 0 0 0 0 0 0 0 0 47426 0 0 0 0 0 0 0 0 0 0 0 0 0 37992 0 23714 0 27333 92353 35673 60470 61306 25364 0 86573 24434 21437 50442 0 43783 0 0 65534
0 0 0 0 0 0 0 0 0 0 0 0 0 0 0 0 0 0 0 60927 14297 8093 40726 94336 0 0 36951 0 0 17608 46973 0 57928 77289 0 44105 0 57384 39569 0 0 74919 22583 0 92564 0 52953 16530 89371 0
0 0 0 0 0 0 0 0 0 0 0 0 0 0 96751 0 0 0 0 0 87558 23949 0 0 0 0 44124 51553 0 0 0 51215 603 25889 74873 0 72526 1360 0 23111 98582 33233 0 95671 0 68358 27177 0 47206 64393
0 0 0 0 0 0 0 0 0 0 0 0 0 0 0 19037 0 36845 0 0 0 0 71528 23847 92175 58025 0 99999 0 0 0 77296 0 90718 0 66352 42145 35154 0 26021 0 34701 7522 47790 25700 0 19511 0 35773 50126
0 0 0 0 0 0 0 0 0 0 0 0 0 0 0 0 0 0 0 0 41439 27950 0 65728 70916 16769 90027 32381 74576 0 95641 34855 8317 0 0 84072 82756 11922 0 0 22070 44352 77274 93345 0 12229 0 0 5279 0
0 0 0 0 0 0 0 0 0 0 0 0 0 0 0 0 0 0 0 0 0 4629 95454 25517 62143 0 54606 13622 81359 0 84564 0 35103 0 0 0 0 0 52923 81470 73996 5272 47143 0 76897 94898 0 29082 47356 82388
0 0 0 0 0 0 0 0 0 0 0 0 0 0 0 0 0 0 0 0 0 0 0 0 46427 21259 13493 74811 50950 46861 0 22674 0 37126 0 62179 36183 40803 81272 73420 20757 0 0 62399 63929 70768 32274 27264 55596 63409
0 0 0 0 0 0 0 0 0 0 0 0 0 0 0 0 0 0 0 0 0 0 15890 0 0 82443 71002 0 0 0 66632 0 98337 20770 83677 54126 0 53610 0 20060 57696 0 0 0 50284 92203 38411 50983 88571 95126
0 0 0 0 0 0 0 0 0 0 0 0 0 0 0 0 0 0 0 0 0 0 0 83894 0 16581 64939 47560 0 33228 20558 0 51161 27895 0 30920 52290 75362 0 62824 5912 0 90224 0 0 0 16682 0 75120 74473
0 0 0 0 0 0 0 0 0 0 0 0 0 0 0 0 0 0 0 0 0 0 0 0 0 0 15939 0 0 80334 0 74911 0 75957 71426 0 14236 0 64578 0 38593 0 11158 0 81653 3747 88174 15528 58234 0
0 0 0 0 0 0 0 0 0 0 0 0 0 0 0 0 0 0 0 0 0 0 0 0 0 0 0 62283 93432 0 0 0 4037 0 0 3799 0 0 60127 87824 0 29305 0 17387 88212 72738 70894 9207 0 4055
0 0 0 0 0 0 0 0 0 0 0 0 0 0 0 0 0 0 0 0 0 0 0 0 0 0 0 0 6438 35176 61642 0 8693 20100 2394 72910 69638 74047 89752 34167 0 81292 82004 0 5327 10461 13723 0 0 17663
0 0 0 0 0 0 0 0 0 0 0 0 0 0 0 0 0 0 0 0 0 0 0 0 0 0 0 0 0 88720 23292 39874 32246 0 40459 29975 82044 0 42525 0 96016 74755 0 79754 26580 0 57102 82404 19789 69073
0 0 0 0 0 0 0 0 0 0 0 0 0 0 0 0 0 0 0 0 0 0 0 0 0 0 0 0 0 85258 46279 0 95609 64928 72583 0 6338 0 70471 0 56567 62971 69419 36838 24603 93173 85877 0 59983 0
0 0 0 0 0 0 0 0 0 0 0 0 0 0 0 0 0 0 0 0 0 0 0 0 0 0 0 0 0 0 88839 0 0 0 76683 0 0 0 0 33307 287 61280 0 0 32938 0 12686 0 93299 0
0 0 0 0 0 0 0 0 0 0 0 0 0 0 0 0 0 0 0 0 0 0 19856 0 0 0 0 0 0 0 0 0 87291 88966 0 25119 0 4471 55579 62102 36222 64632 0 33932 50393 0 81100 18605 0 21620
0 0 0 0 0 0 0 0 0 0 0 0 0 0 0 0 0 0 0 0 0 0 0 0 26315 50672 59700 0 58732 0 0 64337 0 23345 78201 0 57564 88937 0 71470 34623 57653 94032 0 0 0 89135 69726 96926 0
0 0 0 0 0 0 0 0 0 0 0 0 0 0 0 0 0 0 0 0 0 0 0 0 0 61249 84357 36155 0 1095 79938 0 0 3568 0 0 0 0 92328 24423 0 52361 0 0 2223 79645 31207 0 92811 93720
0 0 0 0 0 0 0 0 0 0 0 0 0 0 0 0 0 0 0 0 0 0 0 0 0 0 90112 87034 75175 44829 0 0 32946 0 8579 35407 88554 92640 21018 69740 22449 54006 81643 22539 90752 0 82246 88800 20589 0
0 0 0 0 0 0 0 0 0 0 0 0 0 0 0 0 0 0 0 0 0 0 0 0 0 0 0 0 59689 19085 69860 0 0 0 67492 2332 99600 0 0 16627 3244 54990 11744 99214 69239 0 85563 53171 12839 62543
0 0 0 0 0 0 0 0 0 0 0 0 0 0 0 0 0 0 0 0 0 0 0 0 0 0 0 0 0 41942 17703 59066 0 0 54004 3480 17430 38581 85590 45026 96084 40113 31443 0 0 0 0 0 0 38818
0 0 0 0 0 0 0 0 0 0 0 0 0 0 0 0 0 0 0 0 0 0 0 0 0 0 0 0 0 0 85112 0 86404 94738 90745 0 0 0 11166 0 16516 0 43390 94974 0 0 56317 0 638 40297
0 0 0 0 0 0 0 0 0 0 0 0 0 0 0 0 0 0 0 0 0 0 0 0 0 0 0 0 0 0 0 17312 15513 98419 0 57293 25631 0 61895 5713 87613 80198 84972 0 91223 0 2903 0 38002 75900
0 0 0 0 0 0 0 0 0 0 0 0 0 0 0 0 0 0 0 0 0 0 0 0 0 0 0 0 0 0 0 0 13581 58000 0 77164 97206 3924 54369 0 66471 0 25206 85556 0 0 63989 0 75243 16431
0 0 0 0 0 0 0 0 0 0 0 0 0 0 0 0 0 0 0 0 0 0 0 0 0 0 0 0 0 0 0 0 0 94174 77369 0 0 0 17218 54977 65889 0 96093 2249 77911 0 0 37953 0 39155
0 0 0 0 0 0 0 0 0 0 0 0 0 0 0 0 0 0 0 0 0 0 0 0 0 0 0 0 0 0 0 0 0 0 89969 59709 54860 34139 16910 96017 92474 49477 97653 0 45292 0 0 0 67233 0
0 0 0 0 0 0 0 0 0 0 0 0 0 0 0 0 0 0 0 79720 0 0 0 0 0 0 0 0 0 0 0 0 0 0 0 0 85696 43634 0 0 0 58397 50359 94396 91967 78406 68875 62192 89760 56026
0 0 0 0 0 0 0 0 0 0 0 0 0 0 0 0 0 0 0 0 0 92493 64876 66783 57638 0 14259 21256 0 0 0 0 60257 16959 0 0 66943 43595 32128 36618 98605 24517 0 94864 48598 42591 82147 0 68070 79684
0 0 0 0 0 0 0 0 0 0 0 0 0 0 0 0 0 0 0 0 55622 0 0 328 0 84665 49856 7331 86710 0 0 0 58791 37835 49055 0 56688 72987 81447 0 0 71702 93013 94189 56723 56822 83478 93587 0 0
0 0 0 0 0 0 0 0 0 0 0 0 0 0 0 0 0 0 0 0 0 0 76237 1731 16228 0 26109 0 41330 0 0 68190 0 61659 80153 0 22696 92435 0 53212 0 66507 0 0 53960 23877 0 62998 0 21056
0 0 0 0 0 0 0 0 0 0 0 0 0 0 0 0 0 0 0 0 0 0 0 36675 11915 3967 51883 62963 91279 95852 0 97703 29468 0 67472 32733 0 4904 0 99843 58047 78065 60507 0 0 94351 47359 47266 0 0
0 0 0 0 0 0 0 0 0 0 0 0 0 0 0 0 0 0 0 0 0 0 0 0 0 32886 31524 35495 14558 12137 6016 79305 48038 34780 0 86095 90884 0 0 0 76866 33495 0 0 74447 26163 64808 69813 26131 90097
0 0 0 0 0 0 0 0 0 0 0 0 0 0 0 0 0 0 0 0 0 0 0 0 0 0 0 92965 0 84413 80301 0 52852 66448 30723 90473 0 43304 51006 0 0 74371 0 45853 56055 97504 0 0 14370 66642
