45 50
60012 18017 0 19295 42741 0 35153 9853 0 0 74909 31308 0 52631 0 44022 0 0 56562 0 26078 93351 33548 0 83332 94498 72989 80819 0 71741 4529 825 60306 0 32421 6870 0 69395 0 0 91718 27808 0 0 37020 15504 1385 0 5305 0
0 10338 0 50878 63760 69482 0 28850 8420 73484 43144 78398 0 68279 0 42127 0 0 0 41592 92887 66553 0 84079 17265 77247 0 2716 0 95519 0 0 0 0 26595 0 25859 0 0 57290 40250 8867 95951 87155 45533 0 76688 77937 54182 0
0 0 0 71663 66150 0 41830 0 69815 33543 0 85142 81078 0 91589 9462 87904 0 23576 0 99120 97476 0 39201 16993 32832 24746 1311 44457 63021 0 16560 0 78936 80723 0 89030 15429 66004 0 91265 49218 20799 45039 0 27677 35101 6586 16874 27588
0 0 0 0 42143 0 25331 31537 89441 32672 30067 32815 63104 0 0 98942 0 59900 0 14291 94347 0 79528 4632 46829 36448 13400 55751 63429 51260 7940 76331 0 6020 54209 18056 21960 4349 68119 19944 0 0 74758 67443 89467 0 3271 0 37974 0
0 0 0 0 0 0 0 6199 0 0 53867 0 1902 84765 48332 0 39621 16315 0 87779 0 67766 90821 0 0 4130 16670 55234 43772 0 64738 86619 0 0 63335 51788 6571 87796 0 44389 0 3154 0 93372 93109 97053 0 24240 79066 15131
0 0 0 0 0 0 0 0 0 45317 66093 45947 0 23604 0 0 97701 77367 82191 5054 47345 62817 48297 49772 68469 0 33437 0 24609 81839 87418 0 17406 97707 28225 0 59459 36417 66479 0 21919 95515 0 0 46620 62657 25537 93642 23681 21910
0 0 0 0 0 0 0 0 0 0 69783 0 34719 61482 69190 0 98756 43037 66814 63474 98401 2780 72653 82093 0 51443 0 0 79163 37280 18228 38988 86609 0 82405 78211 38774 36342 33222 57370 29375 90444 0 0 0 90938 0 69017 0 0
0 0 0 0 0 0 0 0 0 0 0 0 10907 0 33900 97704 85395 0 0 66616 0 0 0 33929 46475 71506 0 97695 47113 0 80055 58835 0 61717 0 79113 87060 23266 40601 0 13397 35306 0 89546 31398 0 0 41641 48471 42545
0 0 0 0 0 0 0 0 0 0 0 0 0 0 86957 0 99108 59787 68433 69921 0 1070 99478 98509 48191 0 23297 0 32675 3309 80801 84116 13339 92713 0 67556 62099 0 69536 53225 86027 0 0 47679 0 27878 36351 66021 0 1979
0 0 0 0 0 0 0 0 0 0 0 0 0 0 0 0 0 23833 3760 95343 80199 93123 337 0 25643 691 0 22246 44744 0 35822 77984 0 0 44308 40696 61348 0 0 0 0 0 615 96619 24300 0 42564 21564 0 99545
0 0 0 0 0 0 0 0 0 0 0 0 0 0 0 0 0 0 26811 0 83678 0 0 15340 39115 68240 48069 96006 42012 0 0 65859 60560 16079 0 0 51667 34874 0 42774 0 16694 74672 30267 0 0 0 80658 86120 29912
0 0 0 0 0 0 0 0 0 0 0 0 0 0 0 0 0 0 0 0 0 75330 51305 31293 93025 82259 0 0 54270 42203 6435 94864 0 0 0 69382 19325 43261 13729 0 37541 45297 0 6604 43917 97845 71117 0 0 0
0 0 0 0 0 0 0 0 0 0 0 0 0 0 0 0 0 0 0 0 0 0 15393 0 26419 0 39781 50100 0 0 8074 73385 23594 1207 47356 19460 83890 50309 0 67456 0 10091 51540 0 81381 78096 85018 0 12089 70643
0 0 0 0 0 0 0 0 0 0 0 0 0 0 0 0 0 0 0 0 0 0 0 26244 52235 0 38670 0 0 6087 79957 80806 19311 0 39907 1888 0 0 41971 16327 0 71043 86357 44610 86698 0 70999 0 0 0
0 0 0 0 0 0 0 0 0 0 0 0 0 0 0 0 0 0 0 0 0 0 0 0 48239 33287 0 0 92271 69392 0 33318 0 28036 85646 95471 10061 0 64140 0 1452 59709 0 38594 0 0 98022 72728 28945 62629
0 0 0 0 0 0 0 0 0 0 0 0 0 0 0 0 0 0 0 0 0 0 0 0 0 67466 0 48445 7975 38836 0 0 11001 59196 29330 60455 18157 0 15287 67266 0 7572 28710 0 0 82748 47707 0 78129 0
0 0 0 0 0 0 0 0 0 0 0 0 0 0 0 0 0 0 0 0 0 0 0 0 0 0 89539 32113 27313 64868 0 82791 52540 28194 0 17866 61928 8220 39964 0 88257 0 82188 40766 52447 42337 0 0 0 0
0 0 0 0 0 0 0 0 0 0 0 0 0 0 0 0 0 0 0 0 0 0 0 0 0 0 0 0 49462 3067 24273 58624 0 68369 48627 0 17252 9267 0 58857 57850 21268 0 0 99807 0 26811 10638 98156 60283
0 0 0 0 0 0 0 0 0 0 0 0 0 0 0 0 0 0 0 0 0 0 0 0 0 0 0 0 0 60816 0 0 80623 0 36891 31352 0 93266 62878 52100 0 35675 62678 71277 0 57269 0 0 66193 0
0 0 0 0 0 0 0 0 0 0 0 0 0 0 0 0 0 0 0 0 0 0 0 0 0 0 0 0 0 0 0 0 70250 28698 0 0 68115 58764 3189 99629 12219 0 0 84762 66618 4077 84716 80281 40487 78527
0 0 0 0 0 0 0 0 0 0 0 0 0 0 0 0 0 0 0 0 0 0 0 0 0 0 0 0 0 0 0 0 0 27746 0 53996 17486 0 42995 94527 0 0 96365 20690 0 74112 5309 70427 0 0
0 0 0 0 0 0 0 0 0 0 0 0 0 0 0 0 0 0 0 0 0 0 0 0 0 0 0 0 0 0 0 0 0 0 16848 23600 50573 75003 0 58351 41556 0 26954 0 0 87504 13487 35983 2867 53768
0 0 0 0 0 0 0 0 0 0 0 0 0 0 0 0 0 0 0 0 0 0 0 0 0 0 0 0 0 0 0 0 0 0 0 49847 0 0 92002 99828 12400 0 24729 63285 0 25966 64660 79485 0 0
0 0 0 0 0 0 0 0 0 0 0 0 0 0 0 0 0 0 0 0 0 0 0 0 0 0 0 0 0 0 0 0 0 0 0 0 46105 72053 35798 56579 42095 0 42240 10130 0 0 95666 0 0 0
0 0 0 0 0 0 0 0 0 0 0 0 0 0 0 0 0 0 0 0 0 0 0 0 0 0 0 0 0 0 0 0 0 0 0 0 0 8830 0 0 50432 95881 0 35023 21714 0 32746 19199 0 57435
0 0 0 0 0 0 0 0 0 0 0 0 0 0 0 0 0 0 0 0 0 0 0 0 0 0 0 0 0 0 0 0 0 0 0 0 0 0 20356 29428 30342 1015 0 31362 91526 66022 68616 71680 0 44341
0 0 0 0 0 0 0 0 0 0 0 0 0 0 0 0 0 0 0 0 0 0 0 0 0 0 0 0 0 0 0 0 0 0 0 0 0 0 0 75396 99959 67722 32509 0 66301 45536 0 66506 0 0
0 0 0 0 0 0 0 0 0 0 0 0 0 0 0 0 0 0 0 0 0 0 0 0 0 0 0 0 0 0 0 0 0 0 0 0 0 0 0 0 41890 0 0 0 38862 91677 0 98953 74435 0
0 0 0 0 0 0 0 0 0 0 0 0 0 0 0 0 0 0 0 0 0 0 0 0 0 0 0 0 0 0 0 0 0 0 0 0 0 0 0 0 0 10932 19735 0 67390 0 59587 0 0 0
0 0 0 0 0 0 0 0 0 0 0 0 0 0 0 0 0 0 0 0 0 0 0 0 0 0 0 0 0 0 0 0 0 0 0 0 0 0 0 0 0 0 55772 0 49195 3983 0 0 66248 89557
0 0 0 0 0 0 0 0 0 0 0 0 0 0 0 0 0 0 0 0 0 0 0 0 0 0 0 0 0 0 0 0 0 0 0 0 0 0 0 0 0 0 0 0 46304 26651 0 44017 64393 32466
0 0 0 0 0 0 0 0 0 0 0 0 0 0 0 0 0 0 0 0 0 0 0 0 0 0 0 0 0 0 0 0 0 0 0 0 0 0 0 0 0 0 0 0 0 0 62904 99971 89185 0
0 0 0 0 0 0 0 0 0 0 0 0 0 0 0 0 0 0 0 0 0 0 0 0 0 0 0 0 0 0 0 0 0 0 0 0 0 0 0 0 0 0 0 0 0 0 0 77404 59518 55689
0 0 0 0 0 0 0 0 0 0 0 0 0 0 0 0 0 0 0 0 0 0 0 0 0 0 0 0 0 0 0 0 0 0 0 0 0 0 0 0 0 0 0 0 0 0 0 0 9849 5093
0 0 0 0 0 0 0 0 0 0 0 0 0 0 0 0 0 0 0 0 0 0 0 0 0 0 0 0 0 0 0 0 0 0 0 0 0 0 0 0 0 0 0 0 0 0 0 0 0 0
0 0 0 0 0 0 0 0 0 0 0 0 0 0 0 0 0 0 0 0 0 0 0 0 0 0 0 0 0 0 0 0 0 0 0 0 0 0 0 0 0 0 0 0 0 0 0 0 0 0
0 0 0 0 0 0 0 0 0 0 0 0 0 0 0 0 0 0 0 0 0 0 0 0 0 0 0 0 0 0 0 0 0 0 0 0 0 0 0 0 0 0 0 0 0 0 0 0 0 0
0 0 0 0 0 0 0 0 0 0 0 0 0 0 0 0 0 0 0 0 0 0 0 0 0 0 0 0 0 0 0 0 0 0 0 0 0 0 0 0 0 0 0 0 0 0 0 0 0 0
0 0 0 0 0 0 0 0 0 0 0 0 0 0 0 0 0 0 0 0 0 0 0 0 0 0 0 0 0 0 0 0 0 0 0 0 0 0 0 0 0 0 0 0 0 0 0 0 0 0
0 0 0 0 0 0 0 0 0 0 0 0 0 0 0 0 0 0 0 0 0 0 0 0 0 0 0 0 0 0 0 0 0 0 0 0 0 0 0 0 0 0 0 0 0 0 0 0 0 0
0 0 0 0 0 0 0 0 0 0 0 0 0 0 0 0 0 0 0 0 0 0 0 0 0 0 0 0 0 0 0 0 0 0 0 0 0 0 0 0 0 0 0 0 0 0 0 0 0 0
0 0 0 0 0 0 0 0 0 0 0 0 0 0 0 0 0 0 0 0 0 0 0 0 0 0 0 0 0 0 0 0 0 0 0 0 0 0 0 0 0 0 0 0 0 0 0 0 0 0
0 0 0 0 0 0 0 0 0 0 0 0 0 0 0 0 0 0 0 0 0 0 0 0 0 0 0 0 0 0 0 0 0 0 0 0 0 0 0 0 0 0 0 0 0 0 0 0 0 0
0 0 0 0 0 0 0 0 0 0 0 0 0 0 0 0 0 0 0 0 0 0 0 0 0 0 0 0 0 0 0 0 0 0 0 0 0 0 0 0 0 0 0 0 0 0 0 0 0 0
0 0 0 0 0 0 0 0 0 0 0 0 0 0 0 0 0 0 0 0 0 0 0 0 0 0 0 0 0 0 0 0 0 0 0 0 0 0 0 0 0 0 0 0 0 0 0 0 0 0
