45 50
0 20909 0 25720 0 0 10945 0 0 9366 69106 91530 37364 11450 1953 34767 47736 0 7590 69427 27743 28949 0 89770 78996 84953 0 42085 69558 60328 63275 0 99425 87025 90711 68953 0 0 0 28543 0 70281 33243 41897 0 33348 1547 75898 0 50918
0 0 55407 89871 2556 47742 0 0 9143 51974 27598 50992 0 63828 0 65803 88728 0 52474 0 14069 0 0 0 74047 82749 22871 23139 0 0 97502 16307 0 8466 62204 0 0 38404 0 94741 95756 53820 21859 0 0 93326 42399 2380 40406 7407
0 0 0 3232 39638 21800 81152 0 88100 74739 91970 20392 28573 34060 0 0 0 0 96600 52433 9154 84573 0 79881 76190 84104 7414 74390 79241 25027 44204 95941 0 37420 0 20248 96172 0 0 0 74467 78697 47597 77445 28729 0 0 77851 0 51085
0 0 0 0 67613 0 34157 0 62653 0 50300 11058 49893 0 25982 0 0 26165 0 50743 0 5563 3217 28451 2952 30077 0 66321 72116 43946 0 23982 91499 0 4775 8298 52387 0 0 43982 27824 85717 0 61812 51244 79647 5526 49055 16736 46355
0 0 0 0 0 72304 0 49302 0 0 87125 0 0 25496 0 0 31818 0 27942 20656 52251 11927 0 92925 26963 20688 31926 0 65177 0 89846 64204 18959 0 37867 67558 35951 0 24929 23535 0 20089 38532 14862 36474 78996 0 24493 36272 89466
0 0 0 0 0 0 40184 0 0 21232 42524 88165 0 64286 45885 49156 42497 53019 52389 61431 28906 50277 41074 70725 39000 11253 89263 79934 19053 35154 93071 0 0 0 28024 0 55509 0 0 0 85915 23708 96051 60111 99085 0 0 0 99789 88928
0 0 0 0 0 0 0 0 86535 0 21612 38955 65233 14888 79508 0 10571 844 45504 72358 0 19945 38688 0 45176 99944 72908 0 76020 45766 66914 0 0 91390 0 61778 0 0 2246 65674 20570 27596 78552 25411 44380 17606 0 0 3131 33994
0 0 0 0 0 0 0 0 0 62584 41720 74956 13698 53619 81000 85536 9935 0 0 69319 64566 85463 90494 0 0 3769 29114 0 7345 29170 74067 44594 36072 0 6167 98470 14847 41979 0 86409 34445 17394 0 30929 8760 69330 58729 98195 215 64681
0 0 0 0 0 0 0 0 0 0 0 25084 7202 0 71552 66714 11343 0 60071 0 25765 84872 243 46827 84214 0 71188 31414 1768 87135 0 26253 41032 89008 84012 0 0 62441 83285 0 47089 0 65381 0 0 0 43229 58003 16815 23886
0 0 0 0 0 0 0 0 0 0 0 0 0 19256 0 83566 0 0 86200 79462 0 85467 0 24127 65363 82953 5267 53320 0 0 26882 88790 60553 12701 0 64721 47526 0 97703 32844 70811 0 19478 0 0 0 84941 44017 34465 36889
0 0 0 0 0 0 0 0 0 0 0 0 0 0 19220 8511 33028 66277 0 58762 0 73777 0 74022 81800 26901 94940 0 75466 20411 0 0 56995 13973 0 0 82719 64660 61371 17231 79974 0 40865 0 0 41085 0 14323 64422 66925
0 0 0 0 0 0 0 0 0 0 0 0 0 0 0 40776 0 0 95160 92342 0 66693 99467 0 31801 0 0 25263 36330 67885 16772 62097 27262 0 0 35257 6935 34626 0 0 97252 28196 0 33533 0 53817 0 9234 0 0
0 0 0 0 0 0 0 0 0 0 0 0 0 0 0 0 0 0 0 0 91214 0 0 20501 0 73199 0 0 69975 20771 48702 0 82469 0 94354 16518 0 0 99049 52323 0 0 0 92212 0 7124 0 0 98368 13683
0 0 0 0 0 0 0 0 0 0 0 0 0 0 0 0 0 0 0 0 0 31726 87935 0 40587 79326 43762 21897 15782 9823 83781 30049 19810 0 68187 54051 17757 6671 0 38791 36200 35614 0 0 257 0 74338 53655 2379 64495
0 0 0 0 0 0 0 0 0 0 0 0 0 0 0 0 0 0 0 0 0 0 745 12602 96562 0 10036 85884 85237 2996 74864 12232 0 0 13563 34303 62261 0 0 65224 0 0 53187 0 72711 0 0 0 0 0
0 0 0 0 0 0 0 0 0 0 0 0 0 0 0 0 0 0 0 0 0 0 0 0 18670 21105 32044 68778 36755 73688 0 0 79477 0 0 0 71233 76959 0 0 0 1012 0 19451 0 0 0 74615 80145 34178
0 0 0 0 0 0 0 0 0 0 0 0 0 0 0 0 0 0 0 0 0 0 0 0 0 32435 0 0 0 55536 7125 84095 17085 33826 0 95711 42009 0 39652 0 0 64400 0 95265 60908 2602 23997 13029 2672 0
0 0 0 0 0 0 0 0 0 0 0 0 0 0 0 0 0 0 0 0 0 0 0 0 0 0 0 0 95583 59724 0 0 94500 56062 77638 65135 0 42296 0 81064 0 43284 25343 64523 92363 0 84261 0 0 25485
0 0 0 0 0 0 0 0 0 0 0 0 0 0 0 0 0 0 0 0 0 0 0 0 0 0 0 0 0 18072 3405 12160 97546 0 65351 85943 27099 67644 4597 78945 0 66118 561 4289 45018 34406 3726 17972 8386 0
0 0 0 0 0 0 0 0 0 0 0 0 0 0 0 0 0 0 0 0 0 0 0 0 0 0 0 0 0 0 12891 0 0 79686 90603 94782 0 0 77745 63934 81046 14632 82309 82896 67702 31386 2468 0 59124 0
0 0 0 0 0 0 0 0 0 0 0 0 0 0 0 0 0 0 0 0 0 0 0 0 0 0 0 0 0 0 0 0 69432 0 5702 14235 36146 31569 0 59259 3225 96729 0 72758 36485 10390 0 53232 0 0
0 0 0 0 0 0 0 0 0 0 0 0 0 0 0 0 0 0 0 0 0 0 0 0 0 0 0 0 0 0 0 0 0 57057 0 17725 81962 0 56993 10838 97164 55686 92270 59811 0 84596 97661 0 61461 0
0 0 0 0 0 0 0 0 0 0 0 0 0 0 0 0 0 0 0 0 0 0 0 0 0 0 0 0 0 0 0 0 0 0 20300 84098 9022 0 49043 0 3137 20426 55188 0 94926 29654 0 97396 93189 85174
0 0 0 0 0 0 0 0 0 0 0 0 0 0 0 0 0 0 0 0 0 0 0 0 0 0 0 0 0 0 0 0 0 0 0 41959 91438 68137 0 52476 36354 0 440 87919 50269 82109 57940 75049 0 68828
0 0 0 0 0 0 0 0 0 0 0 0 0 0 0 0 0 0 0 0 0 0 0 0 0 0 0 0 0 0 0 0 0 0 0 0 0 32581 0 42740 0 0 13557 11508 50286 85216 0 66682 44059 3062
0 0 0 0 0 0 0 0 0 0 0 0 0 0 0 0 0 0 0 0 0 0 0 0 0 0 0 0 0 0 0 0 0 0 0 0 0 0 82939 62411 93638 34514 0 92545 0 16081 0 0 36137 0
0 0 0 0 0 0 0 0 0 0 0 0 0 0 0 0 0 0 0 0 0 0 0 0 0 0 0 0 0 0 0 0 0 0 0 0 0 0 0 59376 55055 28578 54238 54669 87415 0 0 0 0 0
0 0 0 0 0 0 0 0 0 0 0 0 0 0 0 0 0 0 0 0 0 0 0 0 0 0 0 0 0 0 0 0 0 0 0 0 0 0 0 0 0 0 68148 72385 29178 23475 0 38180 20991 0
0 0 0 0 0 0 0 0 0 0 0 0 0 0 0 0 0 0 0 0 0 0 0 0 0 0 0 0 0 0 0 0 0 0 0 0 0 0 0 0 0 0 0 37125 69625 0 89593 77919 0 0
0 0 0 0 0 0 0 0 0 0 0 0 0 0 0 0 0 0 0 0 0 0 0 0 0 0 0 0 0 0 0 0 0 0 0 0 0 0 0 0 0 0 0 0 58407 0 50948 83517 0 30961
0 0 0 0 0 0 0 0 0 0 0 0 0 0 0 0 0 0 0 0 0 0 0 0 0 0 0 0 0 0 0 0 0 0 0 0 0 0 0 0 0 0 0 0 0 75325 0 96776 16021 87621
0 0 0 0 0 0 0 0 0 0 0 0 0 0 0 0 0 0 0 0 0 0 0 0 0 0 0 0 0 0 0 0 0 0 0 0 0 0 0 0 0 0 0 0 0 0 0 0 0 0
0 0 0 0 0 0 0 0 0 0 0 0 0 0 0 0 0 0 0 0 0 0 0 0 0 0 0 0 0 0 0 0 0 0 0 0 0 0 0 0 0 0 0 0 0 0 0 0 0 0
0 0 0 0 0 0 0 0 0 0 0 0 0 0 0 0 0 0 0 0 0 0 0 0 0 0 0 0 0 0 0 0 0 0 0 0 0 0 0 0 0 0 0 0 0 0 0 0 0 0
0 0 0 0 0 0 0 0 0 0 0 0 0 0 0 0 0 0 0 0 0 0 0 0 0 0 0 0 0 0 0 0 0 0 0 0 0 0 0 0 0 0 0 0 0 0 0 0 0 0
0 0 0 0 0 0 0 0 0 0 0 0 0 0 0 0 0 0 0 0 0 0 0 0 0 0 0 0 0 0 0 0 0 0 0 0 0 0 0 0 0 0 0 0 0 0 0 0 0 0
0 0 0 0 0 0 0 0 0 0 0 0 0 0 0 0 0 0 0 0 0 0 0 0 0 0 0 0 0 0 0 0 0 0 0 0 0 0 0 0 0 0 0 0 0 0 0 0 0 0
0 0 0 0 0 0 0 0 0 0 0 0 0 0 0 0 0 0 0 0 0 0 0 0 0 0 0 0 0 0 0 0 0 0 0 0 0 0 0 0 0 0 0 0 0 0 0 0 0 0
0 0 0 0 0 0 0 0 0 0 0 0 0 0 0 0 0 0 0 0 0 0 0 0 0 0 0 0 0 0 0 0 0 0 0 0 0 0 0 0 0 0 0 0 0 0 0 0 0 0
0 0 0 0 0 0 0 0 0 0 0 0 0 0 0 0 0 0 0 0 0 0 0 0 0 0 0 0 0 0 0 0 0 0 0 0 0 0 0 0 0 0 0 0 0 0 0 0 0 0
0 0 0 0 0 0 0 0 0 0 0 0 0 0 0 0 0 0 0 0 0 0 0 0 0 0 0 0 0 0 0 0 0 0 0 0 0 0 0 0 0 0 0 0 0 0 0 0 0 0
0 0 0 0 0 0 0 0 0 0 0 0 0 0 0 0 0 0 0 0 0 0 0 0 0 0 0 0 0 0 0 0 0 0 0 0 0 0 0 0 0 0 0 0 0 0 0 0 0 0
0 0 0 0 0 0 0 0 0 0 0 0 0 0 0 0 0 0 0 0 0 0 0 0 0 0 0 0 0 0 0 0 0 0 0 0 0 0 0 0 0 0 0 0 0 0 0 0 0 0
0 0 0 0 0 0 0 0 0 0 0 0 0 0 0 0 0 0 0 0 0 0 0 0 0 0 0 0 0 0 0 0 0 0 0 0 0 0 0 0 0 0 0 0 0 0 0 0 0 0
0 0 0 0 0 0 0 0 0 0 0 0 0 0 0 0 0 0 0 0 0 0 0 0 0 0 0 0 0 0 0 0 0 0 0 0 0 0 0 0 0 0 0 0 0 0 0 0 0 0
