519
90
1014
1565
1685
1736
2020
2614
2618
2654
2761
2990
3149
3154
3493
3629
4308
4374
5366
5415
5480
5748
5887
6161
6198
6238
6351
6645
6759
6917
7020
7058
7293
7890
8160
8229
8463
8479
8661
8754
8846
9014
9041
9107
9330
9490
9589
10417
10517
11112
11152
11295
11474
11685
11728
11739
11945
12307
12356
12483
12595
13078
13153
13286
14510
14982
15529
15630
15641
16022
16104
16474
16549
16678
16861
17195
17213
17788
17919
18499
18522
18909
19080
19082
19235
19371
19375
19408
19513
19648
19988
20116
20131
20377
20462
20639
20917
21061
21354
21575
22338
22379
23020
23165
23287
23292
23314
23376
23507
23853
24044
24752
24766
24816
25137
25242
25292
25414
25734
25970
25972
26030
26340
26434
26479
26602
26608
26691
26740
27247
27368
28243
28371
28784
28875
28948
28981
29122
29859
29893
30021
30405
30546
30751
30766
30767
30787
30989
31425
31643
31814
31912
31998
32037
32088
32284
32416
32448
32627
32809
32841
32872
32974
33188
33231
33506
33524
33546
33699
34280
34294
34648
34688
34851
34949
34987
35072
35129
35234
35317
35379
35536
35721
36608
36939
37090
37105
37197
37247
37458
37560
37586
37625
37663
37791
37952
38036
38052
38743
38877
39197
39805
39878
40006
40215
40283
40322
40351
40368
40378
40469
40518
40667
40929
41119
41220
41531
41872
41924
42306
42404
42520
42627
42675
42755
42793
42853
42886
42971
43076
43307
43431
43462
43510
43546
44642
44797
44837
44972
45526
45682
45813
45839
45946
46238
46247
46491
46510
46958
46959
47135
47329
47627
47736
47794
47797
47866
48080
48125
48196
48281
48311
48386
48636
48867
49017
49121
49276
49504
49790
49959
50077
50247
50637
50751
51351
51533
51619
51907
52641
52671
53093
53201
53326
53395
53491
53546
53677
53768
53890
54131
54426
54685
54935
54981
55113
55212
55372
55385
55510
55631
55712
55727
56245
56298
56436
56452
56623
56673
56992
57531
57668
57774
57824
57846
57874
58071
58509
58568
58653
58819
59103
59213
59217
59226
59375
59695
60253
60262
60330
60507
60543
60664
60795
61236
61696
61798
62236
62423
62615
62749
62762
62887
63429
63907
64110
64499
64920
65269
65395
65481
65514
65619
65627
65634
65735
65834
65836
65868
66023
66331
66493
66640
66922
67228
67419
67571
67832
67896
68068
68878
68879
68927
69187
69448
69624
69666
69667
69945
69985
70045
70253
70274
70427
70628
70636
70845
70904
71211
71401
71791
71947
71981
72025
72062
72119
72179
72272
72294
73365
73707
73831
73907
73973
74031
74175
74467
74468
74660
74679
74704
74911
75566
75585
76042
76073
76411
76632
76812
76832
76903
77075
77187
77319
77521
77530
77553
77689
78094
78256
78277
78502
79114
79197
79498
80342
80710
81193
81200
81268
81356
81374
81710
81911
81949
82031
82076
82121
82353
82721
83224
83415
83684
83701
83999
84017
84197
84267
84281
84613
84758
84828
84988
85426
85728
85756
86009
86155
86361
86460
86634
86887
86898
86915
87117
87312
87374
87390
87461
87533
87789
88117
88166
88172
88212
88217
88448
88457
88478
88492
89004
89304
89718
89800
89840
90227
90237
90551
90574
90631
90695
91161
91231
91610
91777
91855
92133
92156
92258
92271
92297
92627
93507
94175
94268
94382
94425
94646
94656
94710
94809
