367
83
180
214
390
633
1008
1081
1338
1531
1629
1680
1717
1758
1826
1862
1863
2049
2084
2449
2523
2528
2592
2693
2856
2867
2972
3051
3078
3816
4057
4264
4399
5064
5328
5377
5792
5826
6099
6235
6488
6494
6549
6655
6669
6822
7214
7271
7398
7493
7526
7576
8193
8217
8467
8471
8477
8626
8705
8799
8889
8910
8918
9173
9303
9410
9434
9976
10040
10250
10567
10647
11291
11719
12139
12214
12372
12373
12457
12601
12617
12624
13031
13066
13083
13176
13232
13409
13462
13658
13784
14293
14332
14548
14718
14769
14779
15042
15441
15558
15612
15796
15817
15876
15987
16174
16225
17119
17641
17706
17732
17789
17940
18099
18176
18261
18300
18328
18496
18498
18611
18638
18641
18697
18738
18853
18946
19020
19222
19419
19463
19646
20049
20055
20140
20175
20375
20645
21267
21469
22070
22095
22194
22217
22331
22578
22627
22914
23333
23618
23682
23714
23716
23731
23831
24045
24149
24560
24889
25412
25481
25515
25585
25598
25632
25810
26170
26546
26765
26819
27158
27525
27527
27528
27890
27905
27990
28136
28147
28828
29028
29113
29160
29227
29552
29654
29655
29688
30043
30204
30324
30399
30712
30828
30878
31070
31076
31138
32057
32166
32441
32707
32753
32838
33088
33149
33217
33263
33483
33493
33551
33598
33818
33942
34084
34196
34872
35176
35337
35543
35567
35763
35908
35959
36245
36313
36458
36590
36831
37000
37340
37383
38169
38635
38769
38956
39006
39170
39257
39673
39723
39738
39905
39921
40025
40194
40590
40663
40679
41088
41131
41231
41477
41630
41825
41981
42118
42123
42488
42702
42755
42792
43329
43447
43846
44017
44032
44086
44239
44572
44645
44731
44732
44987
45079
45115
45377
45552
45847
46027
46120
46502
46542
46884
46931
46977
46981
47005
47105
47129
47284
47426
47499
47653
47692
47830
48248
48363
48604
48701
49013
49063
49119
49141
49158
49313
49322
49658
49881
50098
50100
50180
50971
51502
51821
52035
52072
52265
52349
52371
52706
53649
53774
53874
54057
54112
54247
54498
54580
54638
54678
54722
54796
54849
54892
55221
55284
55551
55667
55678
55875
56376
56468
56576
56586
56604
56666
56736
56757
57045
57119
57299
57338
57466
57469
57536
57642
58569
58914
59776
60298
60391
60561
60648
60731
60836
60988
61133
61259
