733
581
657
1438
1546
1569
1605
1611
1659
1686
1701
1713
1755
2062
2145
2636
2878
3010
3213
3246
3333
3370
3386
3429
3455
3924
3996
4002
4364
4414
4692
4946
5056
5111
5161
5274
5348
5625
5647
5937
5971
6088
6169
6185
6187
6466
6629
7018
7068
7082
7107
7742
7767
7874
7994
8221
8552
8712
9019
9186
9197
9672
9743
9921
9993
10211
10240
10243
10425
10455
10503
10842
11020
11153
11183
11510
11679
11735
11738
12012
12047
12308
12444
12651
12822
12947
13038
13286
13306
13330
13419
13500
13952
14062
14117
14427
14668
14912
15108
15237
15666
15941
16012
16223
16467
16648
16735
16856
16870
17020
17220
17394
17424
17566
17687
17927
17932
18072
18135
18369
18537
18557
18582
18732
18881
19118
19164
19254
19626
19667
19851
19903
19941
20001
20031
20050
20080
20081
20163
20203
20393
20411
20474
20538
20793
20871
20980
21092
21415
21424
21521
21667
21821
21959
21965
22056
22093
22148
22161
22715
22770
22796
22827
22832
22908
22939
22981
23094
23096
23106
23229
23251
23252
23456
23467
23494
23728
23744
23829
23892
23901
24037
24117
24125
24138
24213
24578
24702
24854
24920
25120
25123
25178
25296
25333
25343
25497
25500
25521
25582
25605
25614
25779
25789
26019
26281
26337
26573
26716
26718
26824
26828
26932
26941
27128
27434
27450
27532
27627
27677
27786
27802
27999
28083
28229
28411
28427
29001
29263
29282
29586
29780
29787
30028
30212
30332
30415
30480
30583
30809
30860
30924
30974
31008
31017
31025
31482
31679
31846
32083
32142
32332
32463
32522
32546
32577
32616
32676
32700
32817
32941
33032
33055
33488
33688
33758
33933
34004
34059
34147
34511
34880
34946
35337
35447
35540
35570
35601
35605
35649
35727
35729
35990
36096
36124
36185
36186
36245
36287
36295
36317
36401
36417
36439
36489
36742
37025
37208
37333
37431
37476
37590
37871
37916
37969
38030
38219
38251
38308
38313
38432
38502
38672
38727
38888
38920
38943
39053
39127
39242
39293
39406
40091
40133
40161
40276
40547
40697
40880
41060
41367
41707
41730
41773
41955
42139
42216
42377
42497
42586
42663
42676
42745
42746
42915
42931
42956
42983
43179
43189
43295
43826
44085
44240
44243
44266
44404
44407
44427
44799
44862
44905
44915
45068
45082
45246
45280
45332
45359
45410
45835
45840
45895
45920
45996
46184
46529
46667
46718
47007
47060
47086
47089
47093
47129
47143
47288
47346
47596
47609
47742
47752
47980
48329
48334
48419
48724
48741
48756
49049
49158
49248
49620
49773
49924
50083
50098
50341
50397
50882
51080
51108
51143
51170
51243
51310
51504
51538
51620
51633
51852
51870
52228
52275
52333
52512
52617
53051
53300
53383
53444
53515
53539
53638
53997
53999
54166
54239
54269
54341
54434
54508
54609
54629
54936
54956
54957
55150
55288
55372
55497
55562
55777
55837
56063
56180
56581
56598
56690
56913
56925
56926
56928
56936
56949
57000
57050
57142
57348
57484
57669
57760
57782
58071
58120
58247
58473
58557
58861
59074
59183
59226
59315
59497
59530
59740
59902
60000
60102
60412
60425
60453
60494
60514
60561
60736
61112
61122
61223
61238
61273
61379
61680
61702
62018
62073
62074
62269
62401
62473
62477
62603
62662
62946
62947
62948
62965
63097
63322
63403
63416
63693
63874
64096
64187
64206
64309
64347
64413
64459
65317
65327
65354
65401
65486
65862
66550
66697
66751
66960
67000
67156
67305
67423
67458
67553
67590
67662
67709
68009
68044
68068
68418
68669
68846
68922
69033
69071
69201
69253
69463
69825
69927
70101
70290
70417
71233
71236
71404
71526
71696
71782
71891
71923
71942
72631
72784
72964
73117
73458
73524
73603
73731
73978
74064
74124
74248
74254
74277
74332
74373
74522
74690
74733
74897
75267
75301
75593
75684
75766
75776
75962
75982
76018
76348
76360
76385
76522
76543
76727
77124
77176
77280
77411
77430
77461
77577
77629
77744
77928
78385
78390
78517
78637
78792
78799
79003
79044
79110
79123
79346
79512
79777
79808
79834
79947
80007
80192
80282
80341
80792
80908
81133
81316
81342
81369
81408
81447
81566
81888
81917
81994
82173
82242
82284
82307
82556
82605
82926
83119
83226
83311
83599
83779
83867
83895
84014
84345
84428
84681
84836
84980
85218
85266
85309
85376
85614
85833
85894
86302
86447
86516
86747
86954
86987
87045
87060
87178
87877
88007
88130
88144
88205
88207
88254
88349
88535
88575
88710
88825
88907
88994
89282
89450
89619
89693
89715
89776
89792
89806
89827
89955
89998
90121
90122
90154
90350
90358
90555
90570
90686
91333
91637
91679
92025
92071
92208
92277
92329
92847
92986
93138
93748
94289
94291
