654
5
21
31
35
48
57
89
92
95
136
149
162
165
170
199
220
230
240
249
268
272
278
282
316
318
343
376
377
412
422
446
462
472
478
580
582
584
588
589
613
625
654
675
688
694
706
719
745
774
824
825
837
860
882
914
931
940
969
977
1040
1044
1064
1081
1085
1113
1126
1133
1138
1139
1176
1193
1196
1229
1262
1264
1278
1302
1328
1346
1365
1387
1393
1399
1403
1422
1457
1462
1483
1515
1521
1531
1563
1566
1567
1577
1588
1589
1605
1618
1624
1639
1648
1661
1693
1717
1735
1745
1751
1778
1786
1830
1847
1867
1870
1933
1937
1946
1955
1957
2002
2009
2061
2077
2099
2109
2130
2166
2178
2203
2215
2217
2237
2248
2260
2308
2312
2323
2341
2378
2419
2420
2435
2464
2482
2496
2512
2528
2535
2560
2561
2597
2622
2628
2660
2686
2741
2745
2748
2758
2782
2794
2813
2841
2851
2863
2867
2872
2895
2910
2920
2941
2945
2954
2960
2968
2974
2983
2996
2997
3022
3032
3046
3064
3091
3093
3102
3124
3142
3148
3158
3159
3166
3174
3177
3190
3199
3216
3217
3220
3227
3230
3236
3262
3270
3271
3276
3282
3290
3291
3307
3308
3311
3338
3351
3352
3366
3376
3388
3401
3413
3459
3467
3471
3495
3501
3502
3531
3532
3538
3553
3561
3576
3584
3613
3617
3648
3663
3673
3676
3688
3703
3729
3734
3755
3773
3774
3800
3802
3815
3834
3838
3847
3855
3860
3866
3867
3869
3873
3895
3898
3901
3950
3963
3999
4002
4017
4022
4028
4031
4102
4110
4117
4135
4162
4163
4171
4174
4186
4205
4220
4234
4251
4272
4282
4294
4305
4308
4310
4316
4331
4333
4342
4346
4386
4395
4398
4403
4412
4414
4424
4426
4427
4448
4495
4504
4511
4517
4530
4531
4568
4583
4586
4595
4631
4637
4675
4680
4681
4687
4690
4696
4702
4708
4710
4716
4722
4726
4736
4749
4751
4756
4768
4770
4789
4801
4811
4815
4819
4829
4838
4852
4878
4933
4941
4946
5012
5013
5016
5017
5026
5040
5047
5073
5083
5093
5103
5114
5139
5163
5166
5171
5174
5186
5189
5242
5250
5302
5315
5360
5362
5371
5379
5403
5411
5417
5436
5460
5476
5522
5529
5602
5609
5633
5656
5664
5692
5693
5789
5802
5833
5855
5864
5873
5893
5906
5941
5946
5948
5950
5958
5966
5999
6001
6015
6024
6033
6039
6083
6091
6127
6134
6137
6148
6162
6173
6214
6245
6257
6279
6283
6288
6313
6337
6365
6378
6400
6444
6446
6462
6482
6499
6507
6510
6524
6575
6578
6588
6598
6637
6651
6657
6684
6689
6718
6745
6774
6777
6783
6788
6794
6817
6818
6830
6836
6861
6870
6891
6893
6940
6948
6959
6961
6972
6980
7006
7012
7048
7080
7088
7097
7115
7122
7123
7132
7139
7152
7163
7173
7175
7194
7213
7219
7269
7276
7288
7306
7313
7321
7329
7350
7363
7364
7371
7377
7396
7414
7466
7488
7521
7527
7535
7539
7543
7568
7571
7575
7644
7657
7674
7732
7748
7776
7779
7796
7797
7809
7820
7832
7851
7860
7870
7909
7956
7974
7982
8009
8014
8017
8035
8047
8051
8055
8064
8069
8075
8102
8129
8159
8164
8179
8189
8192
8200
8279
8309
8337
8365
8387
8401
8406
8410
8411
8426
8431
8459
8505
8514
8516
8550
8559
8592
8617
8664
8669
8709
8721
8726
8753
8757
8781
8784
8797
8821
8829
8835
8854
8897
8900
8928
8941
8962
8991
9023
9034
9048
9079
9088
9091
9099
9124
9135
9147
9151
9155
9181
9187
9233
9234
9255
9268
9302
9304
9313
9324
9364
9374
9398
9404
9405
9406
9411
9412
9435
9473
9474
9495
9503
9522
9534
9559
9573
9587
9630
9642
9647
9658
9661
9663
9674
9682
9691
9728
9736
9741
9751
9753
9764
9774
9794
9821
9839
9850
9883
9911
9958
9996
10003
10061
10068
10080
10088
10096
10113
10134
10142
