826
49
55
112
266
503
548
588
604
620
645
712
727
800
834
835
848
852
858
863
915
1107
1199
1287
1350
1383
1406
1408
1432
1436
1650
1724
1779
1796
1837
1917
2025
2046
2048
2079
2172
2199
2220
2283
2355
2434
2532
2591
2804
2825
2862
2933
2952
3008
3028
3067
3132
3164
3172
3246
3290
3300
3323
3359
3387
3420
3429
3432
3470
3510
3523
3553
3597
3668
3747
3764
3778
3819
3873
3963
4010
4064
4078
4102
4117
4238
4383
4467
4550
4579
4621
4660
4668
4671
4765
4767
4876
4911
4922
5018
5019
5084
5209
5235
5248
5251
5446
5493
5515
5579
5585
5589
5608
5618
5689
5736
5770
5865
5933
5941
5967
6054
6067
6101
6151
6173
6298
6398
6400
6425
6430
6506
6519
6542
6571
6736
6817
6836
6880
7066
7078
7113
7116
7247
7465
7479
7516
7551
7639
7644
7699
7708
7709
7750
7812
7840
7852
7867
7911
7915
8003
8036
8059
8108
8218
8294
8452
8506
8676
8741
8748
8813
8868
8930
9028
9044
9090
9115
9132
9148
9243
9260
9279
9401
9418
9446
9509
9546
9587
9606
9615
9725
9789
9887
9895
9924
9999
10027
10097
10131
10187
10318
10338
10365
10411
10444
10454
10493
10524
10565
10631
10702
10755
10785
10810
10834
10849
10902
10947
10978
11039
11156
11164
11175
11191
11252
11345
11365
11423
11428
11451
11531
11546
11596
11668
11677
11701
11706
11709
11722
11829
11874
11896
11914
11926
11977
12081
12089
12093
12150
12184
12381
12401
12407
12420
12426
12428
12454
12522
12541
12576
12609
12692
12694
12754
12777
12791
12875
12883
12896
12911
12949
12955
12970
13018
13037
13064
13065
13070
13075
13093
13101
13166
13172
13177
13311
13313
13314
13318
13337
13345
13458
13630
13650
13712
13735
13748
13763
13769
13771
13782
13805
13866
13970
14153
14163
14185
14225
14300
14321
14328
14346
14370
14406
14410
14418
14456
14478
14505
14576
14577
14595
14648
14690
14707
14722
14757
14883
14994
15054
15055
15070
15109
15181
15269
15272
15328
15370
15371
15389
15504
15519
15552
15575
15577
15606
15687
15727
15820
15845
16040
16064
16081
16103
16111
16112
16147
16168
16170
16222
16245
16266
16310
16342
16353
16367
16426
16445
16480
16524
16561
16586
16670
16677
16681
16691
16730
16785
16927
16964
16989
17015
17073
17111
17141
17167
17185
17192
17210
17246
17339
17391
17425
17517
17562
17631
17650
17675
17721
17753
17809
17827
17860
17882
17926
17939
17950
17966
17984
18010
18020
18104
18159
18160
18314
18327
18385
18390
18430
18461
18549
18563
18571
18608
18611
18656
18662
18676
18734
18819
18845
18851
18876
18920
18931
18945
18949
18960
19021
19088
19126
19215
19216
19222
19225
19251
19277
19278
19394
19407
19414
19425
19454
19502
19503
19560
19570
19590
19720
19724
19736
19769
19770
19794
19859
19966
20000
20025
20046
20060
20063
20065
20071
20078
20141
20174
20182
20191
20270
20432
20561
20571
20585
20627
20630
20652
20654
20698
20732
20746
20776
20822
20826
20836
20883
20900
20908
20940
20958
20997
21026
21045
21135
21156
21202
21270
21385
21445
21470
21539
21598
21604
21607
21613
21620
21652
21692
21711
21784
21836
21861
21927
21960
22016
22018
22093
22133
22139
22152
22162
22165
22187
22198
22259
22349
22363
22364
22379
22388
22452
22459
22467
22500
22549
22555
22560
22601
22621
22626
22934
22940
22984
22999
23050
23066
23070
23117
23123
23153
23183
23217
23253
23313
23395
23462
23463
23540
23560
23669
23721
23755
23766
23795
23811
23852
23894
23896
23915
23942
23944
23984
24055
24116
24127
24151
24171
24186
24202
24288
24318
24393
24483
24491
24549
24555
24600
24710
24762
24872
24908
24913
25050
25055
25112
25162
25164
25215
25337
25361
25401
25481
25533
25601
25635
25763
25816
25837
25878
25882
26009
26011
26053
26243
26514
26560
26613
26650
26669
26717
26724
26812
26849
26982
27006
27016
27030
27042
27086
27141
27211
27278
27355
27378
27420
27455
27516
27533
27573
27594
27606
27665
27724
27750
27751
27766
27769
27875
27949
28071
28127
28149
28172
28207
28470
28494
28572
28601
28648
28745
28766
28781
28790
28826
28928
28983
29020
29047
29116
29124
29195
29205
29224
29234
29235
29256
29277
29304
29332
29337
29338
29345
29357
29465
29491
29507
29596
29597
29624
29706
29742
29772
29856
29916
29926
29947
30188
30211
30213
30224
30237
30270
30350
30400
30432
30452
30486
30497
30509
30520
30593
30605
30622
30630
30638
30680
30715
30741
30794
30808
30815
30863
30870
30899
30962
30969
30995
31000
31009
31132
31168
31256
31290
31440
31522
31527
31533
31565
31599
31650
31667
31749
31771
31785
31929
31975
32065
32099
32116
32145
32172
32174
32186
32216
32236
32326
32389
32396
32404
32457
32509
32647
32665
32681
32731
32735
32801
32996
33029
33054
33150
33232
33239
33257
33313
33354
33475
33595
33608
33625
33740
33770
33778
33872
33994
34003
34092
34184
34271
34298
34303
34310
34312
34364
34432
34531
34585
34603
34696
34713
34733
35007
35008
35016
35050
35051
35062
35109
35130
35177
35206
35210
35224
35287
35323
35372
35404
35420
35487
