500
144 34 118 184 30 197 156 40 121 232 149 190 216 99 196 138 247 241 176 191 194 131 212 10 50 43 171 36 202 136 196 96 58 106 219 26 213 20 243 190 68 49 97 249 229 145 132 14 103 160 39 76 146 63 143 142 119 170 170 179 162 200 102 74 134 62 4 64 209 238 137 111 223 57 158 133 116 215 91 172 217 51 180 125 51 151 113 166 145 163 53 117 232 141 133 155 155 142 68 216 83 156 189 205 97 206 214 139 93 226 130 184 245 143 153 243 25 167 101 227 137 58 55 218 221 3 159 115 231 47 135 248 95 152 204 47 42 207 203 5 181 123 4 236 73 86 225 21 79 22 96 110 56 52 2 82 181 57 46 28 168 220 168 151 212 113 80 3 27 127 244 12 150 71 105 60 48 227 98 33 93 187 39 12 44 48 210 174 211 185 81 19 78 91 173 152 198 241 69 45 109 60 147 109 83 108 90 173 28 200 140 107 54 87 175 102 172 209 174 193 199 202 59 158 18 162 89 98 123 240 228 72 198 179 112 62 7 31 231 13 86 242 166 11 92 118 239 140 88 41 66 192 239 115 32 99 178 169 234 7 191 121 1 149 75 25 250 157 43 178 114 45 104 246 17 125 176 92 5 185 77 244 164 29 146 210 61 233 167 106 230 135 222 1 249 84 73 49 15 15 127 100 65 65 23 31 203 124 110 100 250 182 236 238 248 246 224 177 160 208 13 70 17 215 242 81 219 139 128 24 218 165 35 77 52 229 34 134 148 63 208 61 187 150 6 41 169 16 9 129 217 199 22 71 35 126 87 214 111 224 122 119 222 171 192 23 37 195 138 90 88 103 112 247 175 186 164 207 193 16 108 230 120 8 8 163 38 159 205 78 101 82 64 67 245 226 130 228 105 72 157 153 141 80 124 76 44 32 235 201 24 55 37 220 189 129 223 2 177 6 38 122 126 54 180 70 183 19 42 53 46 183 161 148 69 188 116 9 33 206 85 21 237 94 67 211 182 154 74 240 95 186 27 144 136 40 234 56 201 107 30 194 161 89 75 233 10 14 197 50 20 235 26 94 204 36 79 165 114 85 18 117 147 59 188 120 195 11 128 213 84 154 104 237 221 131 66 132 225 29
1 2
2 3
3 4
4 5
2 6
3 7
3 8
2 9
2 10
10 11
1 12
12 13
6 14
14 15
15 16
3 17
12 18
18 19
17 20
14 21
13 22
19 23
10 24
9 25
25 26
8 27
13 28
18 29
28 30
13 31
12 32
8 33
25 34
10 35
2 36
30 37
7 38
7 39
27 40
19 41
9 42
20 43
7 44
28 45
15 46
2 47
13 48
7 49
43 50
30 51
20 52
15 53
48 54
27 55
54 56
30 57
16 58
53 59
33 60
8 61
39 62
36 63
33 64
64 65
22 66
27 67
19 68
10 69
69 70
50 71
57 72
13 73
67 74
19 75
15 76
63 77
63 78
14 79
5 80
78 81
6 82
78 83
70 84
64 85
85 86
47 87
74 88
38 89
73 90
17 91
69 92
32 93
93 94
77 95
4 96
96 97
60 98
27 99
81 100
76 101
101 102
93 103
103 104
77 105
17 106
82 107
96 108
27 109
108 110
110 111
110 112
112 113
50 114
114 115
106 116
23 117
117 118
107 119
119 120
107 121
116 122
47 123
119 124
47 125
93 126
119 127
127 128
67 129
102 130
90 131
121 132
131 133
43 134
49 135
122 136
60 137
88 138
26 139
129 140
6 141
123 142
15 143
68 144
108 145
16 146
84 147
147 148
59 149
75 150
76 151
49 152
79 153
133 154
87 155
155 156
80 157
114 158
57 159
121 160
34 161
161 162
117 163
151 164
38 165
141 166
84 167
40 168
162 169
117 170
19 171
117 172
136 173
74 174
83 175
148 176
34 177
34 178
137 179
126 180
92 181
45 182
138 183
123 184
52 185
51 186
186 187
170 188
74 189
115 190
28 191
21 192
67 193
171 194
96 195
153 196
123 197
153 198
198 199
10 200
41 201
23 202
77 203
129 204
171 205
64 206
206 207
177 208
108 209
47 210
23 211
211 212
210 213
136 214
52 215
61 216
178 217
217 218
218 219
61 220
96 221
217 222
198 223
173 224
224 225
192 226
11 227
94 228
66 229
63 230
230 231
98 232
125 233
50 234
210 235
105 236
236 237
237 238
238 239
127 240
23 241
241 242
242 243
169 244
147 245
146 246
128 247
124 248
122 249
249 250
209 251
1 252
206 253
130 254
36 255
255 256
247 257
189 258
169 259
15 260
164 261
192 262
158 263
247 264
15 265
110 266
139 267
105 268
228 269
215 270
215 271
252 272
179 273
66 274
110 275
164 276
276 277
124 278
278 279
208 280
280 281
234 282
103 283
210 284
284 285
280 286
241 287
57 288
236 289
289 290
109 291
121 292
152 293
217 294
79 295
295 296
242 297
221 298
298 299
240 300
82 301
98 302
204 303
243 304
173 305
2 306
8 307
241 308
131 309
279 310
199 311
299 312
219 313
158 314
311 315
135 316
288 317
115 318
139 319
156 320
256 321
315 322
161 323
150 324
121 325
34 326
206 327
235 328
56 329
118 330
68 331
40 332
197 333
112 334
303 335
250 336
262 337
289 338
308 339
339 340
101 341
175 342
68 343
343 344
175 345
62 346
119 347
93 348
339 349
322 350
172 351
159 352
244 353
342 354
263 355
156 356
306 357
357 358
358 359
63 360
234 361
53 362
276 363
16 364
25 365
70 366
152 367
315 368
2 369
106 370
264 371
257 372
155 373
92 374
107 375
283 376
376 377
63 378
366 379
208 380
337 381
35 382
303 383
185 384
173 385
345 386
224 387
298 388
345 389
240 390
206 391
47 392
317 393
122 394
5 395
175 396
185 397
233 398
326 399
199 400
400 401
131 402
379 403
166 404
114 405
364 406
235 407
1 408
72 409
20 410
158 411
355 412
197 413
112 414
218 415
38 416
122 417
85 418
74 419
360 420
6 421
286 422
117 423
211 424
271 425
157 426
298 427
293 428
408 429
167 430
430 431
189 432
228 433
202 434
121 435
262 436
269 437
77 438
438 439
58 440
348 441
97 442
171 443
364 444
137 445
436 446
116 447
447 448
236 449
403 450
36 451
451 452
369 453
449 454
98 455
129 456
456 457
129 458
128 459
459 460
423 461
432 462
110 463
251 464
25 465
118 466
248 467
41 468
311 469
224 470
125 471
155 472
87 473
261 474
14 475
315 476
372 477
116 478
37 479
202 480
336 481
481 482
30 483
122 484
484 485
71 486
249 487
136 488
33 489
13 490
474 491
255 492
492 493
369 494
30 495
232 496
100 497
41 498
498 499
499 500
