500
26 185 84 44 127 85 146 1 93 166 206 64 240 233 150 173 141 110 208 189 86 4 62 159 214 85 137 232 190 109 70 160 61 77 217 73 155 237 105 39 97 92 40 5 92 47 67 205 182 40 11 170 157 81 188 205 66 210 126 164 108 146 113 11 60 76 104 246 174 42 91 231 132 128 238 83 71 78 202 86 133 99 203 20 134 250 218 36 168 41 34 23 88 183 213 212 169 198 187 31 48 5 143 189 1 236 121 90 138 152 123 134 151 68 211 201 148 242 128 100 35 84 69 79 129 55 247 72 120 135 17 131 200 122 19 239 118 97 72 6 218 89 199 145 66 153 162 54 90 165 74 102 147 174 49 55 158 57 216 8 53 102 54 21 62 65 153 82 213 166 15 10 125 204 176 32 87 37 116 38 14 243 164 162 176 49 38 23 227 234 180 58 16 112 80 241 114 27 76 212 81 120 248 15 149 82 61 51 88 200 220 192 177 60 247 67 177 100 104 115 199 64 25 233 114 116 184 231 140 188 154 80 18 249 78 69 35 21 152 45 140 2 75 239 242 249 101 157 19 173 129 236 96 117 36 144 31 111 136 161 107 26 25 59 195 244 110 241 83 209 75 65 222 186 52 235 48 73 224 130 209 181 230 27 159 203 156 204 234 42 215 51 211 215 46 172 226 193 207 163 207 119 139 136 95 98 194 93 179 151 58 106 220 171 245 99 223 243 138 198 68 160 178 59 4 56 22 142 24 210 57 228 122 101 227 143 56 221 187 45 130 201 131 107 52 53 230 37 214 165 156 9 125 98 43 144 22 226 193 238 115 103 250 8 79 147 172 105 229 95 63 74 106 63 29 132 24 180 118 158 109 190 71 124 169 168 202 34 121 30 117 186 196 163 225 167 216 208 185 171 184 221 91 96 183 18 113 32 9 17 28 240 47 224 14 12 197 39 112 191 219 124 217 137 197 196 46 41 142 89 33 245 12 235 237 135 225 20 13 228 50 6 7 7 123 194 155 127 170 182 167 77 87 139 181 94 248 149 192 222 94 175 16 175 195 219 103 70 119 191 232 3 150 111 43 229 10 126 161 108 148 2 179 3 13 246 223 145 141 30 29 244 178 206 28 44 33 50 133 154
1 2
2 3
2 4
1 5
2 6
6 7
6 8
8 9
9 10
10 11
7 12
11 13
13 14
13 15
7 16
1 17
7 18
13 19
19 20
20 21
4 22
4 23
13 24
13 25
17 26
19 27
17 28
8 29
2 30
7 31
8 32
4 33
27 34
15 35
24 36
30 37
37 38
17 39
25 40
40 41
2 42
38 43
4 44
44 45
34 46
46 47
47 48
33 49
9 50
5 51
21 52
52 53
15 54
20 55
55 56
12 57
55 58
44 59
59 60
60 61
61 62
37 63
27 64
22 65
5 66
52 67
14 68
44 69
22 70
61 71
54 72
23 73
62 74
74 75
75 76
63 77
77 78
33 79
79 80
9 81
42 82
82 83
43 84
84 85
57 86
41 87
82 88
67 89
45 90
90 91
23 92
41 93
93 94
42 95
95 96
96 97
97 98
80 99
2 100
65 101
8 102
41 103
103 104
8 105
13 106
59 107
69 108
18 109
102 110
110 111
58 112
34 113
80 114
10 115
15 116
116 117
44 118
34 119
26 120
74 121
110 122
40 123
67 124
36 125
125 126
10 127
67 128
19 129
87 130
45 131
131 132
59 133
22 134
134 135
9 136
45 137
137 138
37 139
139 140
98 141
42 142
93 143
143 144
108 145
13 146
43 147
109 148
93 149
136 150
49 151
14 152
152 153
58 154
36 155
31 156
156 157
10 158
158 159
116 160
126 161
84 162
162 163
101 164
118 165
16 166
8 167
167 168
74 169
18 170
142 171
129 172
76 173
64 174
140 175
35 176
173 177
128 178
123 179
53 180
140 181
181 182
149 183
147 184
111 185
14 186
92 187
173 188
45 189
14 190
48 191
96 192
192 193
193 194
119 195
46 196
13 197
148 198
46 199
83 200
200 201
152 202
134 203
162 204
204 205
107 206
206 207
92 208
153 209
96 210
210 211
19 212
170 213
45 214
214 215
160 216
192 217
45 218
15 219
219 220
214 221
16 222
177 223
108 224
8 225
139 226
147 227
80 228
81 229
35 230
169 231
65 232
232 233
188 234
116 235
235 236
70 237
56 238
122 239
231 240
44 241
184 242
81 243
9 244
165 245
198 246
26 247
247 248
216 249
249 250
161 251
251 252
252 253
125 254
244 255
133 256
172 257
257 258
220 259
215 260
154 261
261 262
253 263
185 264
241 265
265 266
37 267
241 268
228 269
222 270
225 271
73 272
272 273
264 274
274 275
235 276
44 277
177 278
83 279
270 280
67 281
113 282
282 283
202 284
31 285
285 286
83 287
275 288
11 289
276 290
177 291
152 292
28 293
45 294
72 295
295 296
296 297
95 298
258 299
140 300
300 301
184 302
147 303
89 304
302 305
130 306
108 307
307 308
308 309
301 310
8 311
165 312
312 313
1 314
314 315
301 316
316 317
317 318
83 319
117 320
72 321
184 322
322 323
20 324
49 325
301 326
14 327
54 328
145 329
329 330
68 331
97 332
332 333
56 334
334 335
1 336
179 337
45 338
53 339
51 340
268 341
189 342
51 343
206 344
5 345
318 346
152 347
24 348
201 349
237 350
350 351
293 352
77 353
10 354
173 355
52 356
292 357
170 358
321 359
284 360
285 361
361 362
232 363
339 364
44 365
80 366
366 367
212 368
189 369
369 370
219 371
197 372
372 373
373 374
374 375
158 376
30 377
377 378
32 379
79 380
265 381
53 382
339 383
240 384
25 385
317 386
50 387
182 388
381 389
349 390
390 391
324 392
342 393
379 394
394 395
395 396
396 397
369 398
108 399
321 400
400 401
391 402
331 403
403 404
2 405
222 406
198 407
45 408
360 409
200 410
408 411
113 412
412 413
174 414
414 415
356 416
416 417
58 418
291 419
419 420
63 421
421 422
282 423
114 424
343 425
144 426
229 427
427 428
428 429
313 430
430 431
391 432
340 433
195 434
369 435
435 436
240 437
173 438
26 439
90 440
191 441
436 442
442 443
443 444
444 445
4 446
390 447
339 448
448 449
4 450
450 451
451 452
355 453
404 454
396 455
270 456
2 457
192 458
144 459
390 460
61 461
154 462
117 463
463 464
464 465
272 466
457 467
265 468
421 469
404 470
470 471
471 472
439 473
473 474
216 475
425 476
162 477
425 478
287 479
190 480
460 481
307 482
343 483
25 484
294 485
311 486
111 487
342 488
346 489
85 490
490 491
428 492
492 493
353 494
201 495
195 496
496 497
497 498
100 499
242 500
