500
175 70 154 248 81 235 189 197 239 228 90 103 245 248 37 240 202 151 246 41 187 6 141 188 232 11 70 47 185 207 190 206 208 226 109 200 121 1 179 4 36 191 36 38 106 249 242 158 59 109 196 243 77 194 168 31 232 60 166 183 87 242 14 153 54 51 205 17 178 240 139 152 62 32 134 11 24 72 174 195 233 183 22 65 155 88 221 178 48 58 152 34 16 123 227 235 241 97 94 117 220 136 57 7 164 159 193 53 107 111 203 85 238 21 170 33 85 146 44 199 192 58 200 24 18 86 77 27 82 148 143 102 97 12 13 154 105 67 60 72 126 30 145 76 18 68 48 103 213 8 74 47 96 102 138 81 217 71 53 131 108 55 132 156 52 95 98 91 229 62 99 179 221 142 25 76 121 115 38 8 219 23 65 149 94 59 112 212 100 216 4 225 219 238 128 14 75 191 195 91 71 214 188 203 145 101 192 63 129 131 243 163 127 226 136 241 42 100 6 15 173 247 21 201 74 3 25 26 128 133 167 213 236 89 90 95 142 223 162 61 51 63 161 79 89 155 172 2 246 54 187 205 244 177 119 161 193 26 250 52 40 43 214 215 194 22 171 31 17 140 163 30 137 83 156 167 80 19 132 209 165 111 216 110 153 234 84 49 7 144 227 212 46 169 160 249 169 157 189 82 233 43 175 168 180 79 174 1 5 215 56 239 204 106 225 139 125 173 222 146 45 140 184 208 217 35 55 19 2 130 118 73 93 124 123 162 209 177 69 42 92 9 164 157 210 218 147 32 44 108 166 23 141 28 75 10 110 135 160 186 204 236 73 247 148 244 196 150 13 224 15 133 120 96 10 149 29 126 49 29 64 182 245 197 98 231 45 206 143 250 69 99 37 93 118 101 234 218 124 117 86 210 78 185 137 114 87 211 176 92 64 56 159 158 150 122 144 171 237 20 104 116 41 151 228 222 181 237 83 182 170 88 107 119 28 134 207 172 67 68 104 113 198 80 40 16 27 112 61 231 181 223 127 230 39 5 20 184 116 122 201 66 50 125 186 120 35 165 202 66 3 78 115 113 33 130 230 198 84 114 138 57 220 135 229 34 9 39 12 180 129 224 46 105 190 211 147 199 50 176
1 2
1 3
3 4
3 5
3 6
6 7
2 8
2 9
9 10
10 11
11 12
12 13
13 14
14 15
15 16
16 17
17 18
18 19
19 20
13 21
21 22
22 23
23 24
24 25
25 26
26 27
17 28
28 29
29 30
19 31
31 32
14 33
33 34
34 35
35 36
30 37
37 38
38 39
39 40
40 41
13 42
42 43
16 44
2 45
45 46
43 47
12 48
48 49
49 50
17 51
45 52
52 53
34 54
54 55
30 56
56 57
57 58
49 59
59 60
60 61
42 62
60 63
63 64
64 65
65 66
50 67
67 68
66 69
69 70
2 71
71 72
72 73
73 74
74 75
75 76
76 77
4 78
78 79
16 80
48 81
81 82
57 83
9 84
58 85
25 86
8 87
3 88
18 89
89 90
79 91
91 92
92 93
93 94
94 95
34 96
7 97
91 98
98 99
99 100
23 101
101 102
19 103
60 104
43 105
105 106
106 107
107 108
108 109
109 110
106 111
59 112
112 113
98 114
101 115
74 116
46 117
31 118
46 119
85 120
97 121
121 122
121 123
123 124
124 125
14 126
126 127
92 128
59 129
128 130
91 131
131 132
72 133
133 134
5 135
135 136
136 137
137 138
137 139
8 140
78 141
141 142
49 143
143 144
144 145
15 146
51 147
147 148
57 149
63 150
150 151
151 152
141 153
32 154
154 155
139 156
64 157
22 158
141 159
8 160
103 161
145 162
162 163
163 164
8 165
165 166
166 167
13 168
141 169
169 170
38 171
52 172
154 173
173 174
18 175
175 176
176 177
153 178
178 179
179 180
64 181
181 182
182 183
175 184
100 185
123 186
186 187
59 188
122 189
189 190
190 191
65 192
164 193
184 194
194 195
26 196
14 197
17 198
198 199
199 200
200 201
201 202
35 203
18 204
84 205
108 206
206 207
64 208
88 209
209 210
77 211
211 212
196 213
163 214
214 215
92 216
33 217
192 218
218 219
219 220
200 221
221 222
222 223
223 224
224 225
1 226
226 227
98 228
228 229
229 230
7 231
120 232
164 233
233 234
234 235
128 236
19 237
237 238
238 239
210 240
240 241
94 242
117 243
243 244
178 245
236 246
61 247
247 248
248 249
249 250
250 251
251 252
62 253
253 254
254 255
245 256
64 257
257 258
89 259
9 260
81 261
53 262
262 263
65 264
196 265
120 266
266 267
267 268
268 269
74 270
157 271
271 272
272 273
273 274
274 275
154 276
276 277
90 278
278 279
149 280
280 281
281 282
78 283
283 284
8 285
30 286
20 287
287 288
288 289
289 290
62 291
291 292
33 293
293 294
247 295
258 296
296 297
297 298
202 299
198 300
267 301
301 302
302 303
74 304
304 305
305 306
306 307
218 308
47 309
188 310
310 311
170 312
14 313
49 314
314 315
288 316
210 317
317 318
318 319
319 320
320 321
321 322
322 323
59 324
312 325
53 326
124 327
84 328
200 329
218 330
330 331
331 332
332 333
333 334
334 335
335 336
336 337
290 338
338 339
339 340
340 341
341 342
342 343
343 344
344 345
81 346
346 347
66 348
348 349
61 350
83 351
351 352
341 353
353 354
139 355
50 356
205 357
173 358
106 359
359 360
360 361
27 362
322 363
49 364
83 365
350 366
366 367
367 368
368 369
65 370
370 371
371 372
40 373
299 374
111 375
198 376
376 377
83 378
277 379
379 380
380 381
174 382
192 383
339 384
333 385
385 386
236 387
387 388
11 389
371 390
247 391
45 392
375 393
249 394
394 395
310 396
396 397
397 398
27 399
399 400
400 401
290 402
402 403
403 404
139 405
298 406
18 407
32 408
408 409
409 410
410 411
411 412
279 413
413 414
344 415
156 416
332 417
110 418
245 419
293 420
420 421
421 422
422 423
423 424
424 425
425 426
49 427
271 428
330 429
72 430
430 431
431 432
432 433
433 434
434 435
435 436
54 437
339 438
116 439
399 440
146 441
96 442
442 443
394 444
276 445
445 446
446 447
354 448
117 449
449 450
450 451
372 452
164 453
453 454
454 455
310 456
193 457
343 458
238 459
459 460
458 461
70 462
168 463
463 464
69 465
290 466
57 467
275 468
20 469
387 470
470 471
425 472
146 473
195 474
425 475
475 476
72 477
477 478
199 479
452 480
480 481
481 482
482 483
483 484
484 485
485 486
57 487
487 488
87 489
489 490
100 491
123 492
389 493
493 494
494 495
190 496
496 497
497 498
355 499
499 500
