500
102 185 93 2 234 239 104 216 83 70 32 134 173 130 217 87 97 161 212 232 213 218 29 133 90 94 73 248 164 55 187 32 195 42 18 235 196 37 148 81 114 80 48 77 171 118 245 153 7 139 145 93 58 25 163 223 177 65 64 146 50 146 201 222 177 231 214 160 92 122 200 165 16 121 81 62 182 206 28 248 175 96 116 179 190 147 170 66 109 115 208 58 230 183 123 228 119 135 20 31 74 226 196 129 80 82 56 181 158 21 101 30 119 211 35 166 108 186 40 205 10 98 154 70 13 192 27 105 172 243 103 181 66 99 125 204 18 89 246 55 150 155 52 10 99 72 38 78 4 6 128 210 54 102 79 199 126 77 138 221 83 71 17 159 51 149 162 96 145 49 238 62 8 38 159 76 144 63 151 238 17 107 12 157 54 33 198 237 190 116 26 230 157 60 155 109 174 133 153 148 15 239 128 212 92 24 90 71 125 11 87 3 57 164 184 154 247 131 162 204 75 44 86 214 14 68 114 15 225 237 168 175 86 97 174 187 105 11 110 223 107 233 241 103 43 245 120 124 74 112 161 209 194 250 123 130 53 111 199 91 73 44 3 19 40 220 176 84 29 193 104 117 13 249 137 36 143 85 134 7 191 2 242 169 106 47 167 170 49 218 244 249 202 57 150 236 9 234 8 142 6 149 45 166 48 140 91 247 50 188 236 5 215 141 111 26 244 95 100 61 203 203 194 222 89 229 165 98 227 185 100 68 52 198 231 176 250 152 85 113 121 35 69 151 226 110 233 23 232 60 229 210 42 213 27 201 183 126 95 197 41 124 39 156 235 67 142 5 61 72 197 122 135 216 221 136 59 160 217 43 209 88 158 240 37 224 246 76 171 208 67 211 144 12 34 189 179 112 192 127 46 139 69 215 200 118 138 30 242 28 9 79 120 140 56 173 143 169 241 132 45 167 195 225 16 24 36 178 59 101 152 33 141 180 243 63 180 4 1 224 191 136 19 34 228 182 88 84 75 25 1 202 131 178 31 78 156 20 129 106 127 205 14 184 108 168 22 41 94 46 163 23 65 22 117 219 113 147 207 172 188 207 132 64 39 53 220 51 21 227 189 206 115 219 240 193 137 47 82 186
1 2
2 3
3 4
3 5
5 6
6 7
7 8
8 9
9 10
10 11
11 12
3 13
4 14
4 15
2 16
16 17
17 18
18 19
19 20
14 21
21 22
22 23
10 24
24 25
25 26
26 27
27 28
17 29
29 30
30 31
31 32
32 33
33 34
34 35
35 36
36 37
37 38
15 39
39 40
19 41
41 42
42 43
43 44
44 45
45 46
46 47
47 48
48 49
49 50
50 51
51 52
43 53
53 54
54 55
55 56
56 57
16 58
58 59
59 60
60 61
61 62
62 63
39 64
45 65
25 66
66 67
40 68
68 69
69 70
70 71
71 72
72 73
73 74
74 75
75 76
76 77
68 78
78 79
30 80
80 81
81 82
46 83
83 84
3 85
85 86
86 87
87 88
88 89
89 90
90 91
91 92
92 93
93 94
94 95
54 96
96 97
3 98
98 99
99 100
58 101
101 102
55 103
103 104
72 105
95 106
106 107
107 108
108 109
109 110
110 111
111 112
68 113
113 114
114 115
96 116
116 117
79 118
118 119
119 120
120 121
55 122
122 123
16 124
124 125
125 126
126 127
48 128
112 129
129 130
130 131
25 132
26 133
133 134
134 135
135 136
136 137
137 138
138 139
137 140
140 141
4 142
142 143
143 144
144 145
145 146
146 147
147 148
130 149
144 150
150 151
118 152
107 153
153 154
154 155
17 156
156 157
157 158
158 159
159 160
160 161
19 162
139 163
163 164
164 165
165 166
166 167
167 168
168 169
169 170
170 171
171 172
172 173
11 174
174 175
138 176
176 177
47 178
178 179
179 180
180 181
181 182
182 183
183 184
184 185
185 186
186 187
187 188
188 189
106 190
190 191
191 192
192 193
193 194
194 195
138 196
196 197
197 198
144 199
199 200
200 201
201 202
9 203
203 204
51 205
205 206
133 207
152 208
153 209
209 210
210 211
211 212
212 213
203 214
61 215
126 216
216 217
217 218
17 219
156 220
220 221
7 222
222 223
223 224
98 225
225 226
226 227
227 228
228 229
229 230
230 231
231 232
232 233
194 234
234 235
235 236
236 237
237 238
238 239
239 240
240 241
241 242
242 243
243 244
244 245
245 246
246 247
247 248
221 249
249 250
250 251
45 252
214 253
253 254
254 255
255 256
256 257
177 258
258 259
24 260
260 261
169 262
262 263
263 264
264 265
41 266
266 267
251 268
268 269
269 270
270 271
33 272
272 273
246 274
274 275
275 276
203 277
277 278
179 279
279 280
107 281
281 282
109 283
283 284
284 285
285 286
286 287
287 288
1 289
289 290
290 291
34 292
292 293
293 294
294 295
295 296
296 297
33 298
298 299
299 300
300 301
88 302
121 303
303 304
138 305
305 306
98 307
307 308
308 309
309 310
310 311
311 312
312 313
265 314
314 315
140 316
316 317
19 318
318 319
319 320
228 321
321 322
322 323
323 324
155 325
325 326
79 327
327 328
328 329
329 330
197 331
331 332
168 333
333 334
291 335
229 336
336 337
81 338
338 339
339 340
340 341
341 342
342 343
40 344
344 345
345 346
346 347
347 348
348 349
349 350
350 351
351 352
352 353
34 354
111 355
4 356
356 357
357 358
358 359
359 360
360 361
290 362
362 363
363 364
79 365
365 366
195 367
367 368
368 369
255 370
366 371
371 372
372 373
373 374
60 375
203 376
376 377
377 378
378 379
250 380
380 381
381 382
382 383
309 384
384 385
385 386
386 387
387 388
214 389
389 390
390 391
391 392
392 393
4 394
394 395
395 396
396 397
397 398
398 399
399 400
61 401
401 402
402 403
403 404
25 405
405 406
19 407
407 408
195 409
409 410
243 411
411 412
412 413
413 414
257 415
415 416
62 417
417 418
113 419
419 420
420 421
60 422
422 423
314 424
424 425
425 426
348 427
427 428
428 429
429 430
95 431
330 432
432 433
433 434
434 435
133 436
141 437
437 438
12 439
120 440
197 441
441 442
375 443
443 444
444 445
445 446
446 447
20 448
91 449
347 450
450 451
451 452
452 453
453 454
454 455
274 456
456 457
457 458
272 459
303 460
460 461
461 462
324 463
335 464
464 465
215 466
466 467
467 468
468 469
469 470
470 471
471 472
472 473
237 474
474 475
475 476
476 477
243 478
386 479
479 480
480 481
187 482
482 483
483 484
484 485
485 486
251 487
412 488
48 489
489 490
490 491
76 492
309 493
99 494
494 495
495 496
496 497
497 498
498 499
499 500
