500
59 248 149 240 165 169 190 225 117 203 166 204 77 121 3 136 90 163 152 200 128 122 237 66 11 104 225 18 38 160 95 170 84 175 148 174 86 159 173 13 183 39 156 45 205 229 184 136 162 154 148 126 192 129 220 101 42 23 75 6 103 20 134 40 69 131 79 54 59 30 180 188 52 216 124 119 88 224 63 97 234 68 2 137 56 17 64 161 50 118 167 2 118 174 50 115 199 112 44 48 37 212 155 213 140 235 46 144 207 8 246 240 19 176 120 67 47 211 9 3 185 65 197 14 69 27 123 116 153 138 182 125 132 48 16 187 62 230 94 12 58 80 80 133 52 210 215 151 189 31 195 234 250 132 201 51 159 172 186 209 223 94 105 144 85 85 178 100 106 34 195 185 143 168 66 111 25 146 223 32 123 104 100 238 41 21 46 111 221 193 60 208 26 97 114 172 73 28 5 177 113 115 249 107 89 230 44 245 96 142 74 83 197 247 10 107 93 203 242 92 1 7 125 32 191 99 4 153 194 236 41 88 248 35 244 200 218 239 152 25 246 127 40 29 241 116 173 102 14 121 71 139 74 171 135 227 15 157 98 231 5 133 188 196 124 33 82 101 214 151 196 220 181 226 10 179 102 117 24 247 229 184 137 191 68 194 131 54 122 112 168 91 34 28 202 103 142 199 51 93 82 110 53 55 166 145 209 129 49 72 49 193 43 39 178 8 167 242 20 57 23 219 206 96 162 6 70 212 29 119 13 217 175 186 150 164 205 141 65 27 84 204 165 37 139 222 207 157 114 105 77 78 57 164 232 138 71 61 22 58 92 87 75 128 147 249 160 60 81 181 231 154 35 189 158 177 179 67 19 140 214 42 222 187 182 90 22 130 216 91 232 113 15 76 70 155 149 244 4 147 224 228 213 63 245 158 55 227 217 36 62 73 110 135 210 170 221 192 38 143 56 78 109 64 180 99 26 239 183 134 98 30 190 83 21 120 47 81 215 169 89 126 33 86 16 206 9 130 76 243 235 156 211 163 219 108 72 108 53 106 176 218 233 127 1 208 7 24 250 150 198 243 238 79 145 171 233 198 236 161 146 31 36 95 226 237 17 11 201 43 61 141 87 45 12 241 228 18 109 202
1 2
2 3
3 4
4 5
5 6
6 7
7 8
8 9
9 10
10 11
11 12
12 13
13 14
14 15
15 16
16 17
17 18
18 19
19 20
20 21
21 22
22 23
23 24
24 25
25 26
26 27
27 28
28 29
29 30
30 31
31 32
32 33
33 34
34 35
35 36
36 37
37 38
38 39
39 40
40 41
41 42
42 43
43 44
44 45
45 46
46 47
47 48
48 49
49 50
50 51
51 52
52 53
53 54
54 55
55 56
56 57
57 58
58 59
59 60
60 61
61 62
62 63
63 64
64 65
65 66
66 67
67 68
68 69
69 70
70 71
71 72
72 73
73 74
74 75
75 76
76 77
77 78
78 79
79 80
80 81
81 82
82 83
83 84
84 85
85 86
86 87
87 88
88 89
89 90
90 91
91 92
92 93
93 94
94 95
95 96
96 97
97 98
98 99
99 100
100 101
101 102
102 103
103 104
104 105
105 106
106 107
107 108
108 109
109 110
110 111
111 112
112 113
113 114
114 115
115 116
116 117
117 118
118 119
119 120
120 121
121 122
122 123
123 124
124 125
125 126
126 127
127 128
128 129
129 130
130 131
131 132
132 133
133 134
134 135
135 136
136 137
137 138
138 139
139 140
140 141
141 142
142 143
143 144
144 145
145 146
146 147
147 148
148 149
149 150
150 151
151 152
152 153
153 154
154 155
155 156
156 157
157 158
158 159
159 160
160 161
161 162
162 163
163 164
164 165
165 166
166 167
167 168
168 169
169 170
170 171
171 172
172 173
173 174
174 175
175 176
176 177
177 178
178 179
179 180
180 181
181 182
182 183
183 184
184 185
185 186
186 187
187 188
188 189
189 190
190 191
191 192
192 193
193 194
194 195
195 196
196 197
197 198
198 199
199 200
6 201
157 202
202 203
203 204
204 205
205 206
189 207
147 208
71 209
209 210
37 211
110 212
37 213
213 214
214 215
139 216
87 217
155 218
128 219
15 220
220 221
27 222
98 223
223 224
224 225
225 226
226 227
227 228
204 229
131 230
230 231
231 232
232 233
65 234
192 235
73 236
142 237
191 238
9 239
177 240
203 241
181 242
46 243
243 244
244 245
139 246
217 247
188 248
38 249
249 250
214 251
251 252
113 253
68 254
194 255
160 256
256 257
257 258
132 259
259 260
156 261
172 262
262 263
86 264
139 265
118 266
87 267
14 268
268 269
129 270
258 271
122 272
272 273
273 274
207 275
213 276
276 277
197 278
214 279
78 280
267 281
69 282
214 283
279 284
163 285
173 286
286 287
122 288
42 289
223 290
290 291
122 292
246 293
213 294
294 295
160 296
130 297
278 298
298 299
299 300
53 301
110 302
228 303
303 304
139 305
185 306
77 307
46 308
47 309
219 310
310 311
311 312
282 313
313 314
237 315
315 316
75 317
317 318
299 319
319 320
155 321
321 322
75 323
104 324
108 325
325 326
197 327
327 328
207 329
329 330
263 331
218 332
332 333
321 334
266 335
254 336
36 337
98 338
338 339
220 340
313 341
227 342
125 343
343 344
344 345
331 346
346 347
347 348
216 349
53 350
88 351
320 352
210 353
119 354
354 355
247 356
356 357
249 358
5 359
247 360
305 361
321 362
362 363
170 364
58 365
365 366
366 367
367 368
183 369
369 370
370 371
279 372
103 373
106 374
161 375
195 376
376 377
19 378
96 379
379 380
380 381
333 382
282 383
242 384
384 385
300 386
386 387
291 388
388 389
18 390
226 391
291 392
217 393
198 394
159 395
228 396
139 397
108 398
141 399
120 400
253 401
257 402
180 403
8 404
404 405
405 406
369 407
382 408
408 409
141 410
294 411
411 412
364 413
39 414
414 415
310 416
416 417
99 418
366 419
317 420
41 421
280 422
178 423
205 424
424 425
308 426
257 427
427 428
280 429
290 430
430 431
431 432
403 433
219 434
434 435
34 436
436 437
167 438
438 439
80 440
170 441
441 442
442 443
434 444
179 445
259 446
75 447
419 448
448 449
32 450
450 451
451 452
409 453
124 454
454 455
455 456
65 457
457 458
194 459
74 460
460 461
132 462
462 463
47 464
175 465
465 466
456 467
384 468
374 469
343 470
470 471
471 472
94 473
279 474
352 475
290 476
313 477
192 478
119 479
479 480
344 481
481 482
154 483
483 484
484 485
412 486
486 487
487 488
488 489
266 490
490 491
226 492
395 493
493 494
494 495
368 496
319 497
301 498
498 499
390 500
