20 16 7 400
17 5 0
6 13 0
13 9 0
8 1 1
12 8 0
13 3 0
4 6 0
1 1 1
7 3 0
0 10 0
2 8 0
8 2 0
6 6 0
3 2 1
3 18 0
19 3 0
6 2 0
6 12 0
12 4 0
14 19 1
12 7 0
9 3 0
14 1 0
2 1 0
3 9 0
13 1 0
11 13 1
15 16 1
0 15 0
11 0 1
17 12 0
16 5 0
8 19 0
10 14 0
15 2 0
9 9 0
10 5 1
16 18 0
5 8 0
4 14 1
13 18 0
12 1 0
0 17 0
0 18 0
8 10 0
9 4 1
2 14 0
17 6 0
11 11 0
10 18 0
7 8 1
4 15 0
11 14 0
18 10 1
11 15 1
12 14 1
13 19 1
13 6 0
3 14 0
15 13 1
15 1 0
2 11 0
17 17 1
8 18 0
15 5 1
15 12 0
15 3 0
4 13 1
6 16 0
0 13 1
7 11 1
12 11 0
19 19 0
1 8 0
6 0 0
17 16 0
11 12 0
0 8 0
14 14 0
7 18 1
18 18 1
9 13 0
0 2 0
16 7 0
12 6 0
9 11 0
17 8 1
10 2 0
0 4 0
0 14 1
9 8 1
15 14 0
18 15 0
16 19 1
15 8 0
0 12 0
6 15 0
3 1 0
0 6 0
2 3 0
13 10 1
6 14 0
4 10 1
13 5 0
15 9 1
12 9 1
5 10 0
15 7 0
2 10 0
1 2 0
4 3 0
0 5 0
12 2 0
5 0 1
1 6 0
4 4 0
5 12 1
17 9 1
19 15 0
19 1 0
12 0 1
13 2 0
11 6 0
14 12 0
6 10 0
13 7 0
1 3 0
18 1 1
8 11 0
12 17 1
12 18 1
3 12 0
15 4 0
13 0 0
10 15 0
18 2 0
19 16 0
11 18 0
10 0 0
10 1 0
16 0 1
2 2 0
9 14 0
11 2 0
4 9 0
13 4 0
6 4 0
3 11 1
3 0 0
7 1 1
14 7 1
8 6 0
18 17 0
8 9 0
13 15 1
1 13 0
4 18 0
19 14 0
3 13 0
2 7 1
8 8 0
19 18 0
7 13 1
16 14 1
13 16 0
10 9 0
16 8 0
19 7 0
1 0 0
7 9 0
12 19 0
5 1 0
12 16 0
2 0 0
0 9 0
10 7 1
13 12 0
18 16 0
14 4 0
14 5 1
10 6 0
18 3 0
4 0 0
11 16 0
2 16 0
11 3 0
3 16 0
5 16 1
3 15 0
18 6 0
9 17 0
1 7 0
9 5 1
3 17 0
17 2 0
1 16 0
17 18 0
16 2 0
7 15 1
4 8 1
14 0 0
9 18 0
1 19 1
2 19 0
2 12 0
19 10 1
3 3 1
18 8 0
9 0 0
19 6 0
18 4 0
1 17 0
2 15 1
18 13 1
16 16 0
13 17 0
8 5 0
15 15 1
7 4 0
16 10 1
3 6 0
7 17 0
16 9 0
6 5 0
11 10 0
2 5 1
17 10 0
6 3 1
19 4 1
8 3 0
10 3 0
17 1 0
18 9 0
16 12 0
19 12 0
14 3 0
3 4 1
18 7 1
16 17 1
0 16 1
8 4 1
17 4 0
17 11 0
19 11 0
4 5 0
14 2 0
8 15 1
15 18 1
13 8 0
11 7 0
10 4 0
19 9 0
17 7 1
9 10 0
18 12 0
6 18 0
14 17 0
0 19 0
2 6 1
7 16 1
9 6 0
15 11 0
10 10 0
4 11 0
6 11 0
5 17 0
3 5 1
15 6 0
1 14 0
2 9 0
7 12 0
7 0 0
8 13 0
8 7 1
18 0 1
8 16 0
4 2 0
5 11 1
14 13 1
10 8 1
1 9 0
6 17 0
2 4 0
3 7 0
19 8 0
13 13 1
5 5 1
12 5 0
7 7 0
4 12 0
13 14 0
5 6 0
14 6 1
16 4 0
10 12 0
17 14 0
14 8 0
5 18 0
9 2 1
7 6 0
9 16 0
12 12 0
11 1 0
19 17 0
3 19 0
2 17 0
1 10 0
5 7 1
14 18 0
1 12 1
10 17 0
1 11 0
11 19 0
12 13 0
17 19 0
5 14 1
4 1 1
16 13 0
16 11 0
16 6 0
10 19 1
15 10 1
6 9 0
18 5 0
5 4 0
5 2 0
7 14 0
15 0 0
1 4 1
12 10 0
0 0 0
19 5 0
15 19 1
4 16 0
1 18 0
16 1 1
0 1 1
10 13 1
10 11 1
3 10 0
14 15 0
11 8 0
8 17 0
8 0 1
16 3 1
19 0 0
19 2 0
19 13 1
0 7 1
12 3 1
4 17 0
0 11 1
9 12 0
7 5 0
8 14 0
9 1 1
12 15 0
7 19 0
6 7 1
11 9 0
9 19 0
18 19 1
0 3 0
9 7 0
17 3 1
14 16 1
5 9 0
6 19 0
5 19 0
7 10 0
2 18 0
9 15 0
1 5 0
4 19 0
17 0 0
5 13 1
2 13 0
14 11 0
4 7 0
10 16 0
6 1 1
1 15 0
16 15 1
18 11 0
13 11 1
17 13 0
15 17 0
17 15 0
11 4 0
6 8 1
5 3 0
14 10 0
8 12 0
11 5 0
11 17 1
14 9 0
5 15 0
3 8 1
18 14 0
7 2 1
