21 3 19 400
9 16 1
17 12 0
14 6 0
8 9 0
4 11 0
15 17 1
11 15 0
11 2 1
14 11 0
13 1 0
0 11 0
7 10 1
1 15 0
15 0 1
5 10 0
4 4 1
20 12 1
15 8 1
13 9 1
18 20 1
4 20 1
15 14 1
13 20 1
4 7 0
0 0 0
17 7 0
10 20 1
4 9 0
16 13 0
12 4 1
16 14 1
11 9 0
1 10 0
5 18 1
10 16 0
14 4 1
6 11 1
0 17 1
12 13 0
9 14 0
13 12 0
8 14 0
11 20 1
5 4 1
0 2 0
18 0 1
16 10 0
6 3 0
14 18 1
10 12 0
12 8 0
2 6 1
15 3 0
20 20 0
7 1 0
12 12 1
15 9 1
12 17 1
15 5 0
1 11 0
3 5 1
16 18 0
7 15 0
14 0 0
5 8 1
10 15 1
3 13 0
1 2 0
20 6 0
20 1 1
4 6 1
16 4 0
14 3 1
5 5 1
6 13 0
18 3 1
8 4 1
11 13 0
6 1 0
5 17 1
8 11 1
1 1 1
15 15 1
17 9 0
18 1 0
3 16 1
11 12 1
10 14 1
11 10 1
17 10 0
20 11 0
10 2 0
12 0 0
14 1 0
5 7 1
17 17 0
16 1 0
5 16 0
9 3 1
13 6 0
2 18 1
3 15 1
17 6 1
13 2 0
13 7 0
1 4 0
16 2 1
16 17 1
7 2 0
5 20 1
20 3 0
10 13 0
0 8 0
7 17 1
9 0 1
6 6 0
3 12 1
7 7 0
2 1 0
17 1 0
11 11 0
18 7 0
6 7 1
2 4 0
20 8 0
3 1 0
10 17 0
7 18 1
20 7 0
6 12 0
7 4 1
8 2 1
5 6 0
1 3 1
14 7 0
12 9 1
20 15 0
9 1 0
0 3 0
15 12 0
3 17 0
1 12 0
15 18 0
0 5 0
8 20 0
5 9 0
2 2 1
12 3 1
10 5 0
7 8 0
2 3 0
4 18 0
4 16 1
3 7 0
3 6 0
20 2 1
20 14 0
16 0 0
14 2 0
4 2 1
14 20 1
6 0 1
7 0 1
9 17 1
0 12 1
11 1 0
14 13 1
12 11 0
16 12 0
5 11 0
18 9 0
3 10 0
8 5 0
4 8 0
3 20 0
13 13 0
2 16 1
15 2 1
5 3 0
1 7 1
16 5 1
9 4 1
10 9 0
0 18 0
14 15 1
2 13 1
17 15 0
3 0 0
12 6 0
2 11 1
2 17 0
17 4 1
14 5 0
13 17 0
16 8 0
14 12 0
9 2 1
13 11 0
6 15 0
16 15 1
1 17 1
13 15 1
12 1 0
11 16 1
11 18 0
20 16 0
1 5 0
9 5 0
7 9 1
18 18 1
5 1 0
17 3 1
2 14 1
12 10 1
4 14 1
11 4 0
5 0 1
8 17 0
7 6 1
7 11 1
17 18 0
5 15 1
6 14 0
14 16 0
10 18 0
9 7 0
12 5 1
12 14 0
16 7 1
20 4 1
8 0 0
4 10 0
0 20 1
12 16 0
7 12 0
10 10 1
18 17 1
1 20 0
12 20 0
2 5 0
9 20 0
11 6 0
8 15 0
4 1 0
2 20 1
2 12 0
17 0 1
12 2 0
1 14 1
10 7 1
10 8 0
13 8 0
6 9 0
20 9 0
5 2 1
1 9 0
10 6 0
3 8 1
0 10 1
15 13 0
20 10 1
1 18 0
6 10 1
6 4 0
13 10 1
17 16 1
3 11 1
11 8 0
1 8 0
5 12 0
11 0 0
15 11 0
17 11 0
2 10 0
15 6 1
8 18 1
6 17 0
9 10 0
16 6 0
4 5 1
8 3 0
18 12 0
13 0 1
13 18 1
16 3 1
15 20 1
18 4 0
8 6 0
18 14 0
9 18 0
17 8 0
16 9 0
11 7 0
18 5 1
2 9 1
11 3 1
1 0 1
6 5 0
13 16 0
17 5 0
17 20 0
15 16 0
2 8 1
18 13 0
12 15 0
7 5 1
7 16 0
20 5 1
14 14 1
2 7 0
0 13 0
0 16 0
20 13 1
11 5 0
13 4 0
10 0 0
2 15 0
16 11 0
18 11 1
10 3 0
9 15 1
0 4 1
18 2 0
8 8 0
14 8 1
18 10 1
1 13 0
9 8 0
6 8 1
20 18 0
4 0 0
17 2 1
16 16 1
20 0 0
6 18 1
3 4 1
8 13 0
13 14 0
20 17 0
18 15 0
3 18 1
12 7 1
3 14 1
10 11 1
11 17 1
10 1 0
14 10 0
8 12 1
3 9 0
18 8 0
6 20 1
0 14 0
6 16 0
3 3 1
13 5 0
15 4 0
7 14 1
4 13 0
8 10 0
7 3 0
0 7 1
7 20 1
2 0 1
17 13 1
3 2 1
18 16 1
9 11 0
12 18 0
15 10 0
5 14 0
9 13 0
4 12 0
6 2 1
0 9 1
11 14 0
0 6 0
9 12 0
14 9 0
4 15 1
8 1 0
14 17 0
8 7 0
10 4 0
13 3 0
4 3 1
9 9 1
4 17 1
0 15 0
7 13 0
15 1 0
5 13 0
17 14 0
18 6 1
0 1 0
8 16 0
16 20 0
9 6 0
1 16 0
15 7 0
1 6 0
