500
1 2 0
1 3 0
1 4 0
3 5 0
4 6 0
5 7 0
7 8 0
2 9 0
8 10 0
8 11 0
7 12 0
10 13 0
2 14 1
10 15 0
13 16 0
3 17 0
14 18 0
10 19 0
13 20 1
13 21 0
13 22 0
17 23 1
21 24 0
14 25 0
8 26 0
9 27 0
22 28 0
10 29 0
29 30 0
5 31 0
12 32 0
4 33 0
12 34 0
30 35 0
32 36 0
32 37 0
6 38 0
2 39 1
34 40 0
35 41 0
19 42 0
10 43 0
39 44 0
38 45 0
19 46 0
46 47 0
4 48 0
23 49 0
49 50 0
16 51 0
6 52 0
29 53 0
53 54 0
28 55 0
19 56 0
4 57 1
53 58 0
20 59 0
13 60 0
12 61 0
52 62 0
62 63 0
45 64 0
6 65 0
56 66 0
15 67 0
2 68 0
68 69 1
60 70 0
50 71 0
5 72 0
41 73 0
46 74 0
13 75 0
75 76 0
13 77 0
62 78 0
56 79 0
26 80 0
1 81 1
3 82 0
79 83 0
79 84 0
17 85 0
69 86 0
49 87 0
74 88 0
31 89 0
7 90 0
8 91 1
91 92 0
85 93 0
17 94 0
44 95 1
12 96 0
50 97 0
97 98 0
50 99 0
9 100 0
3 101 1
101 102 0
91 103 0
66 104 0
78 105 0
51 106 1
71 107 0
17 108 0
54 109 0
99 110 0
88 111 0
20 112 0
54 113 0
57 114 0
23 115 0
59 116 0
81 117 0
49 118 0
108 119 0
41 120 0
49 121 0
117 122 0
55 123 0
118 124 0
103 125 0
79 126 0
11 127 0
89 128 0
28 129 1
129 130 1
21 131 0
101 132 0
114 133 0
133 134 0
67 135 0
99 136 1
49 137 0
28 138 0
77 139 0
96 140 0
29 141 0
108 142 0
96 143 0
91 144 1
11 145 0
135 146 0
17 147 0
147 148 0
81 149 1
1 150 0
23 151 0
35 152 0
99 153 0
29 154 0
7 155 0
60 156 0
66 157 0
157 158 0
7 159 0
148 160 0
24 161 0
102 162 0
37 163 0
78 164 0
95 165 0
19 166 0
150 167 0
121 168 0
48 169 0
27 170 0
64 171 0
136 172 0
92 173 0
104 174 0
37 175 0
54 176 0
52 177 0
52 178 0
22 179 0
120 180 0
42 181 0
121 182 0
104 183 0
125 184 0
184 185 0
111 186 0
142 187 0
3 188 0
101 189 0
189 190 0
171 191 0
33 192 0
156 193 1
127 194 0
47 195 0
5 196 0
141 197 0
123 198 1
85 199 0
199 200 0
200 201 0
50 202 0
125 203 0
130 204 0
204 205 0
16 206 0
91 207 0
91 208 1
105 209 0
111 210 0
72 211 1
107 212 0
152 213 0
184 214 0
83 215 0
182 216 0
207 217 0
15 218 0
180 219 1
54 220 0
109 221 0
89 222 0
204 223 1
141 224 0
74 225 0
127 226 0
52 227 0
227 228 0
184 229 0
163 230 0
170 231 0
69 232 0
2 233 0
192 234 0
216 235 0
235 236 0
40 237 0
189 238 0
174 239 0
41 240 0
99 241 0
139 242 0
242 243 0
213 244 1
221 245 0
41 246 0
246 247 1
224 248 0
144 249 0
7 250 0
141 251 0
34 252 0
174 253 0
145 254 0
115 255 0
37 256 1
225 257 0
199 258 0
64 259 0
186 260 0
115 261 0
218 262 0
179 263 0
243 264 0
201 265 0
260 266 1
123 267 0
121 268 0
117 269 0
59 270 0
17 271 0
186 272 0
120 273 0
73 274 0
64 275 0
275 276 0
68 277 0
152 278 0
188 279 0
43 280 0
144 281 0
281 282 0
45 283 1
74 284 0
41 285 0
285 286 0
73 287 0
136 288 0
256 289 0
182 290 0
259 291 0
234 292 0
271 293 0
79 294 0
78 295 0
256 296 0
176 297 1
210 298 0
114 299 1
89 300 0
61 301 0
240 302 0
168 303 0
155 304 0
26 305 0
228 306 0
109 307 0
94 308 0
113 309 0
139 310 0
73 311 0
311 312 0
312 313 0
313 314 0
260 315 0
296 316 0
76 317 0
317 318 0
140 319 0
301 320 0
225 321 0
6 322 0
31 323 0
323 324 0
12 325 0
216 326 0
164 327 0
291 328 0
321 329 0
64 330 0
93 331 0
93 332 0
101 333 0
3 334 0
13 335 0
239 336 0
24 337 0
57 338 0
41 339 0
221 340 0
92 341 0
335 342 0
183 343 0
306 344 0
33 345 1
113 346 0
300 347 0
9 348 0
21 349 1
177 350 1
350 351 0
271 352 0
235 353 0
42 354 0
149 355 0
102 356 0
124 357 0
357 358 0
199 359 0
211 360 0
360 361 0
14 362 0
90 363 0
110 364 0
327 365 0
343 366 0
116 367 0
66 368 1
263 369 0
369 370 0
175 371 0
346 372 0
265 373 0
85 374 0
106 375 0
303 376 0
113 377 0
270 378 0
47 379 0
326 380 0
380 381 1
328 382 0
111 383 0
42 384 0
40 385 0
179 386 1
285 387 0
39 388 0
2 389 0
176 390 0
390 391 0
317 392 0
180 393 0
301 394 0
113 395 0
142 396 0
338 397 0
44 398 0
398 399 0
61 400 0
185 401 0
362 402 0
346 403 0
253 404 0
181 405 0
83 406 0
113 407 0
33 408 1
118 409 0
239 410 0
326 411 0
4 412 0
274 413 0
51 414 0
414 415 0
12 416 0
171 417 0
246 418 0
92 419 0
94 420 0
212 421 0
230 422 0
48 423 0
400 424 0
206 425 0
197 426 0
40 427 0
418 428 0
119 429 0
64 430 0
162 431 0
313 432 0
208 433 0
356 434 0
172 435 0
324 436 0
262 437 0
32 438 0
251 439 0
439 440 1
14 441 0
363 442 0
95 443 1
435 444 0
265 445 0
90 446 0
228 447 0
191 448 0
143 449 0
376 450 0
235 451 0
357 452 0
88 453 0
18 454 0
111 455 0
436 456 0
31 457 0
457 458 0
249 459 0
459 460 1
342 461 0
74 462 0
239 463 0
356 464 0
296 465 1
224 466 0
395 467 0
430 468 0
307 469 0
455 470 0
289 471 0
291 472 0
49 473 0
107 474 0
333 475 0
254 476 0
99 477 0
477 478 0
103 479 0
479 480 0
118 481 0
139 482 0
482 483 0
130 484 0
111 485 0
360 486 0
59 487 0
193 488 0
135 489 0
489 490 0
8 491 0
98 492 0
392 493 0
187 494 0
347 495 0
482 496 0
353 497 0
37 498 0
498 499 0
301 500 0
