500
1 2 0
2 3 0
2 4 0
4 5 0
5 6 0
6 7 0
7 8 1
8 9 0
8 10 0
3 11 0
4 12 0
6 13 0
2 14 0
1 15 0
15 16 0
16 17 0
8 18 0
18 19 1
9 20 0
20 21 0
21 22 0
21 23 0
14 24 0
17 25 0
9 26 1
26 27 0
21 28 0
24 29 0
29 30 0
10 31 0
29 32 1
9 33 0
29 34 0
31 35 0
4 36 0
14 37 0
23 38 0
31 39 0
39 40 0
40 41 0
41 42 0
42 43 0
13 44 0
44 45 0
45 46 0
46 47 0
47 48 0
47 49 0
43 50 0
45 51 0
40 52 0
52 53 0
53 54 0
54 55 0
23 56 0
56 57 0
46 58 0
58 59 0
57 60 0
60 61 0
61 62 0
33 63 1
60 64 0
30 65 0
65 66 0
66 67 0
67 68 0
38 69 0
8 70 0
70 71 1
71 72 0
72 73 0
1 74 0
74 75 1
65 76 0
6 77 0
77 78 0
4 79 0
79 80 1
34 81 0
73 82 0
69 83 0
83 84 0
84 85 0
12 86 0
86 87 0
78 88 0
88 89 0
49 90 0
90 91 1
31 92 0
13 93 0
93 94 0
9 95 0
73 96 0
96 97 0
97 98 0
13 99 0
99 100 0
3 101 0
5 102 0
15 103 1
103 104 1
103 105 0
105 106 1
106 107 0
107 108 0
89 109 0
109 110 0
11 111 0
26 112 0
112 113 0
113 114 0
64 115 0
115 116 0
116 117 0
22 118 1
118 119 0
50 120 0
59 121 0
117 122 0
49 123 0
98 124 0
91 125 0
125 126 0
108 127 0
67 128 0
128 129 0
95 130 0
65 131 0
39 132 1
132 133 0
133 134 0
1 135 0
68 136 0
128 137 0
137 138 0
78 139 0
139 140 1
139 141 1
126 142 0
142 143 0
143 144 0
144 145 0
145 146 0
38 147 0
112 148 0
148 149 1
97 150 1
150 151 0
120 152 0
152 153 0
153 154 0
154 155 0
150 156 0
81 157 0
34 158 0
154 159 1
125 160 0
122 161 0
88 162 0
162 163 0
150 164 0
111 165 0
34 166 0
166 167 0
6 168 0
168 169 0
77 170 0
8 171 0
171 172 1
31 173 0
120 174 0
174 175 0
77 176 0
176 177 0
128 178 0
48 179 0
30 180 0
180 181 0
105 182 0
182 183 1
183 184 0
113 185 0
185 186 0
186 187 0
187 188 0
188 189 0
106 190 0
118 191 0
191 192 0
119 193 0
193 194 0
194 195 0
101 196 0
29 197 0
197 198 0
132 199 0
194 200 0
200 201 0
19 202 0
202 203 0
203 204 0
204 205 0
178 206 0
206 207 0
9 208 0
12 209 0
114 210 0
113 211 0
10 212 0
104 213 0
61 214 0
214 215 1
144 216 0
216 217 0
117 218 1
123 219 1
219 220 0
220 221 0
221 222 0
222 223 0
223 224 0
224 225 0
146 226 0
24 227 0
227 228 0
228 229 0
229 230 0
230 231 0
168 232 0
232 233 0
233 234 0
234 235 0
61 236 0
236 237 1
232 238 0
238 239 0
239 240 1
240 241 0
241 242 0
31 243 0
97 244 0
72 245 0
245 246 0
246 247 0
33 248 0
248 249 0
249 250 0
66 251 0
251 252 0
135 253 0
215 254 0
254 255 0
140 256 0
220 257 1
257 258 1
258 259 0
63 260 0
97 261 0
185 262 0
262 263 0
263 264 0
264 265 0
265 266 0
210 267 0
7 268 0
268 269 0
269 270 0
220 271 0
61 272 0
272 273 0
273 274 0
2 275 0
223 276 0
59 277 0
277 278 0
70 279 0
279 280 0
280 281 0
281 282 0
282 283 0
261 284 0
284 285 0
285 286 0
286 287 0
287 288 0
288 289 1
289 290 0
290 291 0
287 292 0
33 293 0
293 294 0
294 295 0
295 296 0
296 297 0
26 298 0
298 299 0
299 300 0
300 301 0
39 302 0
80 303 1
218 304 0
117 305 0
78 306 0
306 307 0
247 308 0
77 309 0
309 310 0
310 311 0
311 312 0
78 313 0
31 314 0
236 315 0
315 316 1
316 317 0
244 318 0
12 319 0
319 320 0
320 321 0
83 322 0
322 323 0
35 324 0
324 325 0
325 326 0
326 327 0
327 328 0
328 329 1
293 330 0
330 331 0
67 332 0
332 333 0
308 334 0
334 335 0
335 336 0
336 337 0
337 338 0
173 339 0
339 340 0
149 341 0
341 342 1
248 343 0
343 344 0
344 345 0
204 346 0
346 347 0
347 348 0
291 349 0
349 350 0
350 351 0
351 352 0
352 353 0
142 354 0
43 355 1
108 356 0
356 357 0
357 358 0
259 359 0
31 360 0
124 361 0
12 362 0
142 363 1
363 364 0
185 365 0
99 366 0
66 367 0
367 368 0
71 369 0
369 370 0
154 371 0
371 372 1
131 373 0
373 374 1
298 375 0
375 376 0
370 377 0
377 378 0
378 379 1
101 380 0
380 381 0
195 382 0
256 383 0
383 384 0
345 385 0
254 386 0
317 387 0
387 388 0
388 389 0
137 390 1
390 391 0
125 392 1
392 393 0
159 394 0
394 395 0
395 396 0
396 397 0
397 398 0
398 399 0
66 400 0
385 401 0
92 402 0
119 403 0
403 404 0
48 405 0
199 406 0
395 407 0
407 408 0
408 409 0
409 410 0
211 411 0
296 412 0
26 413 0
68 414 0
388 415 0
415 416 0
416 417 0
417 418 0
418 419 0
238 420 0
306 421 0
421 422 0
422 423 0
423 424 0
357 425 0
425 426 0
426 427 0
164 428 0
428 429 0
158 430 0
430 431 0
318 432 0
432 433 0
197 434 0
429 435 0
435 436 0
436 437 0
437 438 0
438 439 0
370 440 0
440 441 0
441 442 0
442 443 0
68 444 1
141 445 0
146 446 0
446 447 0
447 448 0
448 449 0
209 450 0
275 451 0
451 452 0
357 453 0
203 454 0
454 455 0
198 456 0
456 457 1
457 458 0
458 459 0
459 460 0
82 461 0
110 462 0
462 463 0
463 464 1
464 465 0
385 466 0
466 467 0
467 468 0
248 469 0
469 470 0
470 471 0
471 472 0
439 473 0
261 474 0
277 475 0
114 476 0
29 477 0
351 478 0
408 479 0
479 480 0
294 481 0
481 482 0
198 483 0
385 484 0
484 485 1
353 486 0
486 487 0
487 488 0
452 489 0
489 490 0
332 491 0
118 492 0
69 493 0
493 494 0
494 495 0
495 496 0
486 497 0
497 498 0
149 499 0
499 500 0
