50 50
91510 0 47798 0 43553 47799 0 58670 49125 0 19626 43577 0 49477 0 0 1417 0 48825 0 0 0 42051 40390 0 57150 31479 10538 0 61343 22578 0 49385 64473 12016 9229 29014 88442 42356 85022 28268 0 75209 98786 0 13733 62592 68161 3988 83974
0 76082 98916 0 0 2988 0 0 28885 11623 83593 0 48835 0 54551 0 28995 0 68747 0 0 57808 98233 19910 97849 56786 10754 63127 8112 42452 12632 94199 43740 31533 82145 81672 0 49672 27684 46277 4806 68456 38833 15996 69662 44917 87672 14779 99806 0
0 0 97855 0 73658 0 72428 9904 55243 0 0 0 502 0 0 7281 5687 0 0 23349 81189 0 0 81451 26505 471 82326 15403 0 62970 0 0 70566 0 0 38567 0 10657 0 40731 88998 19172 14242 34440 9605 96384 91489 55646 27694 0
0 0 0 0 0 59939 0 33199 53089 50809 64799 0 25624 77187 11600 0 31131 55642 0 34588 55780 79138 15134 17524 66020 64827 17399 0 18062 34841 80591 35816 792 13951 33549 0 81642 99270 36346 70789 22027 13026 2565 6063 93229 0 65258 8040 93034 31643
0 0 0 0 0 0 90080 0 60801 10029 61437 0 0 64604 9841 13801 0 97027 47328 20303 0 0 86644 0 17720 64017 20151 92505 55407 25219 47998 0 0 73141 77825 42134 92986 19812 0 0 86820 20737 62305 0 62425 94082 50907 0 0 27285
0 0 0 0 0 0 0 36187 13477 0 0 0 50051 15035 70257 0 424 8647 0 86758 0 91745 53336 0 57402 41868 56416 42966 0 65454 0 0 95640 95727 10558 0 0 0 0 79819 85391 82873 0 0 35244 71647 0 0 0 95583
0 0 0 0 0 0 0 0 23811 11969 0 0 46647 24432 0 17820 0 18623 24211 80258 55978 41757 0 38905 0 67583 63823 0 0 0 55962 0 0 66709 0 0 0 21227 0 0 72482 0 47014 26464 37205 43067 0 0 21955 18394
0 0 0 0 0 0 0 0 0 0 74300 45289 0 43381 4648 57816 4531 0 0 8128 94198 0 17886 0 0 0 0 16037 14938 0 18148 0 32777 57603 92083 89114 60566 83076 66755 30240 51261 0 92650 49655 19289 56756 0 23930 1815 0
0 0 0 0 0 0 0 0 0 0 0 20942 93256 92762 97058 0 93261 0 96528 47105 36041 0 20291 8646 66878 32932 0 31380 61774 92188 85710 66950 0 26887 92572 62354 81150 56395 75010 0 70147 93457 14041 24984 19967 93819 12140 49137 0 0
0 0 0 0 0 0 0 0 0 0 0 0 0 7108 83904 0 14689 40848 11096 14502 60442 9421 35254 80368 65394 76904 0 22274 62126 40425 84186 95949 0 0 13330 65011 45223 0 90911 0 78207 0 47795 83242 18473 0 612 52766 0 0
0 0 0 0 0 0 0 0 0 0 0 0 0 0 0 49410 18436 0 21719 79101 33342 48329 0 0 88737 2668 44984 0 79030 0 0 80198 34868 54265 23017 0 0 0 0 0 60339 68753 44987 9940 94125 0 68240 0 83737 64061
0 0 0 0 0 0 0 0 0 0 0 0 0 0 0 0 0 0 30518 0 37485 9424 0 98063 7295 0 0 40099 0 52755 3349 3483 51580 89428 49304 0 64804 0 0 0 0 91090 38960 77334 0 74811 24569 31599 57898 9722
0 0 0 0 0 0 0 0 0 0 0 0 0 0 0 0 0 0 0 46275 0 61219 0 35016 0 96249 49329 53847 0 0 0 12872 66616 26318 42960 0 16194 9730 62325 77104 59698 66827 29200 96388 0 8909 0 56412 68262 26451
0 0 0 0 0 0 0 0 0 0 0 0 0 0 0 0 0 0 0 0 0 0 81600 10271 0 0 2688 6802 61737 66321 54827 85705 17966 49285 21241 7588 40813 48015 0 69358 0 30176 0 53948 80464 42068 56028 99934 0 0
0 0 0 0 0 0 0 0 0 0 0 0 0 0 0 0 0 0 0 0 0 0 0 10325 68189 0 0 0 0 30013 87089 80603 26393 0 0 6021 0 0 0 0 31484 38027 58922 43825 0 8617 35734 12871 26456 0
0 0 0 0 0 0 0 0 0 0 0 0 0 0 0 0 0 0 0 0 0 0 0 0 68121 0 68105 33355 58256 70314 983 0 0 97278 0 12709 62959 61358 56946 0 0 75747 70934 86789 9586 68142 0 57426 45990 0
0 0 0 0 0 0 0 0 0 0 0 0 0 0 0 0 0 0 0 0 0 0 0 0 0 86947 0 0 0 80588 0 83463 16458 89294 83498 0 0 0 0 76579 53444 50771 14435 0 17033 9293 81713 0 99487 13750
0 0 0 0 0 0 0 0 0 0 0 0 0 0 0 0 0 0 0 0 0 0 0 0 0 0 56755 0 96455 80511 13388 91793 0 2560 64715 0 7512 48098 17503 90318 81034 0 68072 5772 0 37869 0 0 66997 78551
0 0 0 0 0 0 0 0 0 0 0 0 0 0 0 0 0 0 0 0 0 0 0 0 0 0 0 0 0 92802 21305 4326 27715 57416 6164 0 14831 50538 0 0 29657 59983 43135 81463 0 84668 0 0 0 0
0 0 0 0 0 0 0 0 0 0 0 0 0 0 0 0 0 0 0 0 0 0 0 0 0 0 0 0 0 0 0 30160 16972 0 49515 10274 15151 67714 19173 50574 77562 11205 97786 46955 66360 56418 27631 50908 0 82610
0 0 0 0 0 0 0 0 0 0 0 0 0 0 0 0 0 0 0 0 0 0 0 0 0 0 0 0 0 0 0 0 94138 0 93302 90019 70793 42118 0 77122 39956 0 47587 97908 36343 37760 0 31844 0 0
0 0 0 0 0 0 0 0 0 0 0 0 0 0 0 0 0 0 0 0 0 0 0 0 0 0 0 0 0 0 0 0 0 0 0 90025 70059 56164 0 0 0 45417 19384 61370 0 30869 0 0 0 0
0 0 0 0 0 0 0 0 0 0 0 0 0 0 0 0 0 0 0 0 0 0 0 0 0 0 0 0 0 0 18689 0 0 0 0 0 65752 24595 0 0 0 60904 0 0 2638 15454 51118 0 22043 0
0 0 0 0 0 0 0 0 0 0 0 0 0 0 0 0 0 0 0 0 0 0 0 0 0 0 0 53336 0 0 0 0 76427 0 90539 0 27849 83563 0 52217 56557 0 5566 77083 33660 19265 15776 8316 41479 85374
0 0 0 0 0 0 0 0 0 0 0 0 0 0 0 0 0 0 0 0 0 0 0 0 0 0 0 0 31986 45457 5080 0 0 0 0 27283 0 68125 6646 12898 64376 17563 0 34356 39903 0 41012 59982 9551 0
0 0 0 0 0 0 0 0 0 0 0 0 0 0 0 0 0 0 0 0 0 0 0 0 0 0 0 0 0 0 0 92929 53620 69907 82554 19825 0 6419 95251 3962 0 49505 0 45632 59451 81870 4119 0 90781 11821
0 0 0 0 0 0 0 0 0 0 0 0 0 0 0 0 0 0 0 0 0 0 0 0 0 0 0 0 0 0 0 0 71823 12480 55374 0 0 12619 0 0 76914 40220 51169 14603 28088 0 47336 30580 0 6936
0 0 0 0 0 0 0 0 0 0 0 0 0 0 0 0 0 0 0 0 0 0 0 0 0 0 0 0 0 0 0 0 0 15122 0 0 12058 42615 12358 81231 42202 0 58539 36725 0 15176 29580 6034 0 61530
0 0 0 0 0 0 0 0 0 0 0 0 0 0 0 0 0 0 0 0 0 0 0 0 0 0 0 0 0 0 0 0 0 0 26794 38501 63094 82414 89027 81226 87785 0 0 0 77174 20600 0 0 0 60181
0 0 0 0 0 0 0 0 0 0 0 0 0 0 0 0 0 0 0 0 0 0 0 0 0 0 0 0 0 0 0 0 0 0 0 50324 0 0 37440 33316 0 0 0 23385 86082 85297 7454 90303 92790 67535
0 0 0 0 0 0 0 0 0 0 0 0 0 0 0 0 0 0 0 0 0 0 0 0 0 0 0 0 0 0 0 0 0 0 0 0 22414 0 53804 16880 0 0 0 66024 58699 0 40622 47395 0 40027
0 0 0 0 0 0 0 0 0 0 0 0 0 0 0 0 0 0 0 0 0 0 0 0 0 0 0 0 0 0 0 0 0 0 0 0 0 0 0 28722 48608 48907 6983 38237 20678 0 3041 73585 0 79267
0 0 0 0 0 0 0 0 0 0 0 0 0 0 0 0 0 0 0 0 0 0 0 0 0 0 0 0 0 0 0 0 0 0 0 0 0 0 0 0 7287 0 0 84076 37560 47559 90148 48922 92536 52166
0 0 0 0 0 0 0 0 0 0 0 0 0 0 0 0 0 0 0 0 0 0 0 0 0 0 0 0 0 0 0 7101 0 0 0 0 0 0 0 0 0 0 0 56486 18266 80860 99666 87367 79689 91656
0 0 0 0 0 0 0 0 0 0 0 0 0 0 0 0 0 0 0 0 0 0 0 0 0 0 0 0 0 0 0 0 0 47513 13975 0 27998 0 85638 93420 72954 4982 72834 65642 38925 41080 55084 39858 0 0
0 0 0 0 0 0 0 0 0 0 0 0 0 0 0 0 0 0 0 0 0 0 0 0 0 0 0 0 0 0 0 0 0 0 56740 0 70455 0 72765 29778 0 0 55449 39443 92883 0 19602 0 0 47567
0 0 0 0 0 0 0 0 0 0 0 0 0 0 0 0 0 0 0 0 0 0 0 0 0 0 0 0 0 0 0 0 0 0 0 0 46467 62533 25035 0 99521 45687 0 33482 83902 36621 18715 8180 0 0
0 0 0 0 0 0 0 0 0 0 0 0 0 0 0 0 0 0 0 0 0 0 0 0 0 0 0 0 0 0 0 0 0 0 0 0 0 7102 0 17281 7547 83282 0 0 82115 0 7490 91948 51720 11071
0 0 0 0 0 0 0 0 0 0 0 0 0 0 0 0 0 0 0 0 0 0 0 0 0 0 0 0 0 0 0 0 0 0 0 0 0 0 59405 0 28201 0 65601 62624 45117 0 5235 46831 0 25272
0 0 0 0 0 0 0 0 0 0 0 0 0 0 0 0 0 0 0 0 0 0 0 0 0 0 0 0 0 0 0 0 0 0 0 0 0 0 0 82363 0 46167 6473 23395 90182 75147 29453 9064 35624 0
0 0 0 0 0 0 0 0 0 0 0 0 0 0 0 0 0 0 0 0 0 0 0 0 0 0 0 0 0 0 0 0 0 0 0 0 0 0 0 0 75765 0 0 58080 46313 53144 74069 61375 0 84360
0 0 0 0 0 0 0 17585 0 0 0 0 0 0 0 0 0 0 0 0 0 0 0 0 0 0 0 0 0 0 0 0 0 0 0 0 0 0 0 0 0 9158 0 0 19245 63237 72135 0 78453 49021
0 0 0 0 0 0 0 0 75286 99126 14683 9640 37110 26732 1420 39789 62601 9722 0 61040 0 0 65738 0 58253 4811 0 79040 93478 26484 0 35953 38848 4031 0 0 75508 38080 49460 18251 16904 0 21636 0 31234 62576 68574 13634 56023 0
0 0 0 0 0 0 0 0 0 0 0 88401 0 30385 0 0 81105 19847 0 42944 0 6458 0 0 54146 0 54552 17457 45214 14356 0 0 0 50705 34514 74239 15466 88434 0 0 27604 31869 55392 0 81183 10258 20820 5048 78960 34512
0 0 0 0 0 0 0 0 0 0 0 0 0 43208 15261 0 60535 89223 9135 39448 0 0 35013 0 52309 43961 85113 0 42137 0 22733 0 29235 78905 99068 0 0 0 75092 55094 57479 24213 0 60103 86165 0 42710 65441 81284 49856
0 0 33176 0 0 0 0 0 0 0 0 0 0 0 87138 35862 33889 59195 28338 0 0 0 14953 55522 98124 41746 81283 86613 4763 40298 87645 2417 49365 51639 49640 0 0 99365 0 78479 1772 73962 16999 6339 54220 19908 83627 0 27278 77804
0 0 0 81675 3880 29388 72677 63319 0 0 2529 69686 67847 14853 2436 81692 80163 18644 0 11134 78045 43477 52888 74704 0 0 0 0 50248 0 16755 52045 0 80458 68346 0 56488 58949 40883 18693 0 0 0 0 44582 78704 70877 30476 0 0
0 0 0 0 48888 77781 58675 62944 90846 85482 70690 0 32884 0 37131 88744 64128 78756 0 0 71560 73397 3932 0 85433 0 40934 13827 41311 9096 0 82392 0 22200 99038 0 0 97455 92632 57292 0 37756 0 0 0 61644 81729 0 97737 58574
0 0 0 0 0 81464 30264 63507 0 49557 90961 46634 57850 97079 47727 0 0 27069 0 45546 0 15798 0 0 0 0 0 0 52090 57573 21214 0 98512 27442 0 77078 68981 26972 83290 55081 0 82743 43497 80229 36961 61432 1336 15106 77196 92264
0 0 0 0 0 0 0 0 1913 1075 18800 0 46035 11693 0 77945 49092 0 61415 0 30574 74570 0 47952 0 0 0 27118 42396 42005 9793 4562 35123 53331 13809 0 41680 5435 57552 30189 0 85440 16426 81730 0 35305 0 62133 98878 0
