45 50
0 0 90230 75042 13854 0 0 0 61746 27517 51175 97982 0 27179 0 92921 33989 0 0 0 78234 16962 84100 0 0 6259 54037 86740 30847 57934 0 30155 60951 43247 0 0 18258 44085 0 78325 43642 0 0 25754 0 52333 51918 0 48816 0
0 0 0 0 14086 0 0 62437 90827 53202 82431 11662 21720 44693 77697 96007 93324 18098 12327 0 15682 10567 78671 0 0 0 76715 0 62016 25497 53796 95310 27731 41261 0 0 0 84495 2896 26861 69378 21045 0 71419 0 0 1600 59150 0 43080
0 0 0 0 0 62312 63443 60230 0 0 2403 96175 0 0 0 0 60826 54180 0 0 23623 81655 70904 0 0 0 62019 6242 0 70681 0 45615 74845 0 78981 90067 21235 0 30262 95456 69654 17966 0 0 20042 44464 77932 0 11456 16782
0 0 0 0 0 0 19067 0 0 6431 33272 0 0 74864 81178 49654 18933 15675 98938 0 18879 0 83354 0 97287 0 0 52477 7318 0 0 0 85458 24913 0 0 32797 0 2392 92299 0 25539 10966 0 34583 0 0 0 67777 55749
0 0 0 0 0 0 0 0 79582 0 53881 73108 81812 13962 42272 3298 18799 38235 27268 19177 81088 86904 4647 80589 0 46140 41318 26970 0 0 15284 20446 61921 0 22327 0 0 0 0 91939 0 0 31849 60927 93146 30496 55373 0 0 68096
0 0 0 0 0 0 0 0 0 47365 14901 19733 0 0 99540 0 98672 99713 0 0 62434 14652 12827 0 48884 0 86811 0 49996 53276 94930 79372 23756 84045 84693 0 34627 80639 1382 71333 6203 9623 0 43689 25871 74881 0 26754 28538 89922
0 0 0 0 0 0 0 0 0 0 0 19187 0 21535 0 80813 1205 0 40074 7822 0 32512 8762 74093 0 0 1713 73713 23385 28911 0 76142 89237 40348 1224 0 33512 0 0 23603 26824 0 0 19827 92340 7861 36183 3555 10189 65307
0 0 0 0 0 0 0 0 0 0 0 0 0 0 0 32591 0 37266 0 89313 0 0 6254 0 71301 60406 6840 0 0 0 58508 29258 0 0 73934 75979 8471 90653 0 40353 0 52603 51949 93931 96909 20302 76983 90526 0 81625
0 0 0 0 0 0 0 0 0 0 0 0 0 0 0 0 0 70263 64053 47049 0 24107 31569 0 0 83717 99011 12574 31813 0 5844 33841 5354 96840 0 49351 42033 28044 63571 23969 0 30478 0 18576 17568 0 0 51332 4570 26504
0 0 0 0 0 0 0 0 0 0 0 0 0 0 0 0 0 0 0 51172 0 6237 0 25233 0 62935 0 0 82718 48124 0 0 53120 0 0 83764 8399 94795 26549 0 0 15037 0 0 65898 74395 0 0 0 77107
0 0 0 0 0 0 0 0 0 0 0 0 0 0 0 0 0 0 0 0 77602 0 13514 0 68856 86232 88641 6723 37318 58352 0 13392 3078 0 63070 66635 98744 57715 39154 61416 77933 97116 28563 0 24708 6484 0 0 3409 0
0 0 0 0 0 0 0 0 0 0 0 0 0 0 0 0 0 0 0 0 0 0 61056 46474 0 0 87712 0 85785 83457 53094 18184 34161 92087 37721 13558 44212 39588 0 0 47793 34853 90139 34315 0 86104 84273 0 89720 83723
0 0 0 0 0 0 0 0 0 0 0 0 0 0 0 0 0 0 0 0 0 0 0 0 19467 1685 0 0 57030 19483 72596 0 35593 39251 96933 22083 11288 63584 0 40662 56745 89586 20792 0 52903 29216 64619 9937 0 74
0 0 0 0 0 0 0 0 0 0 0 0 0 0 0 0 0 0 0 0 0 0 0 0 0 0 91661 0 13355 0 0 1835 0 0 10920 69310 0 13706 56565 40051 92875 13285 14258 44449 0 0 89203 0 24179 32133
0 0 0 0 0 0 0 0 0 0 0 0 0 0 0 0 0 0 0 0 0 0 0 0 0 0 0 64059 89858 65675 56856 62569 29888 55684 15751 76516 90043 29038 0 8637 48158 35839 42012 51226 0 52790 94119 86730 0 49874
0 0 0 0 0 0 0 0 0 0 0 0 0 0 0 0 0 0 0 0 0 0 0 0 0 0 0 0 0 0 0 82158 35256 0 89079 66713 88952 16882 44926 0 0 11218 47769 13883 0 0 83 0 0 47493
0 0 0 0 0 0 0 0 0 0 0 0 0 0 0 0 0 0 0 0 0 0 0 0 0 0 0 0 0 0 0 0 58089 85659 62480 56523 0 0 90242 0 0 39671 0 34777 78447 1370 96275 10178 12437 19603
0 0 0 0 0 0 0 0 0 0 0 0 0 0 0 0 0 0 0 0 0 0 0 0 0 0 0 0 0 0 0 0 0 21400 30343 97455 82833 0 43743 11139 1636 92001 0 43780 0 62155 88693 97113 0 96313
0 0 0 0 0 0 0 0 0 0 0 0 0 0 0 0 0 0 0 0 0 0 0 0 0 0 0 0 0 0 0 0 0 0 19381 80245 8298 75002 0 72183 0 24257 42776 0 60465 77315 49680 12295 24510 27320
0 0 0 0 0 0 0 0 0 0 0 0 0 0 0 0 0 0 0 0 0 0 0 0 0 0 0 0 0 0 0 0 0 0 0 0 24165 0 38307 66994 47433 0 14586 2051 53926 74995 90701 89163 93366 35541
0 0 0 0 0 0 0 0 0 0 0 0 0 0 0 0 0 0 0 0 0 0 0 0 0 0 0 0 0 0 0 0 0 0 0 0 0 35385 26323 96079 0 57697 0 56351 0 0 0 29292 31517 25070
0 0 0 0 0 0 0 0 0 0 0 0 0 0 0 0 0 0 0 0 0 0 0 0 0 0 0 0 0 0 0 0 0 0 0 0 0 0 0 36073 43558 25126 0 0 18743 27339 98266 33266 36814 25871
0 0 0 0 0 0 0 0 0 0 0 0 0 0 0 0 0 0 0 0 0 0 0 0 0 0 0 0 0 0 0 0 0 0 0 0 0 0 0 0 2884 0 13384 33440 0 91958 0 61122 87665 14383
0 0 0 0 0 0 0 0 0 0 0 0 0 0 0 0 0 0 0 0 0 0 0 0 0 0 0 0 0 0 0 0 0 0 0 0 0 0 0 0 0 0 31331 26892 24425 81524 74918 66768 0 0
0 0 0 0 0 0 0 0 0 0 0 0 0 0 0 0 0 0 0 0 0 0 0 0 0 0 0 0 0 0 0 0 0 0 0 0 0 0 0 0 0 0 0 57000 35980 97018 72821 53870 89334 71924
0 0 0 0 0 0 0 0 0 0 0 0 0 0 0 0 0 0 0 0 0 0 0 0 0 0 0 0 0 0 0 0 0 0 0 0 0 0 0 0 0 0 0 0 89921 73417 71244 0 22654 46996
0 0 0 0 0 0 0 0 0 0 0 0 0 0 0 0 0 0 0 0 0 0 0 0 0 0 0 0 0 0 0 0 0 0 0 0 0 0 0 0 0 0 0 0 0 74942 88740 67175 0 37587
0 0 0 0 0 0 0 0 0 0 0 0 0 0 0 0 0 0 0 0 0 0 0 0 0 0 0 0 0 0 0 0 0 0 0 0 0 0 0 0 0 0 0 0 0 0 0 0 0 86111
0 0 0 0 0 0 0 0 0 0 0 0 0 0 0 0 0 0 0 0 0 0 0 0 0 0 0 0 0 0 0 0 0 0 0 0 0 0 0 0 0 0 0 0 0 0 0 0 0 0
0 0 0 0 0 0 0 0 0 0 0 0 0 0 0 0 0 0 0 0 0 0 0 0 0 0 0 0 0 0 0 0 0 0 0 0 0 0 0 0 0 0 0 0 0 0 0 0 0 0
0 0 0 0 0 0 0 0 0 0 0 0 0 0 0 0 0 0 0 0 0 0 0 0 0 0 0 0 0 0 0 0 0 0 0 0 0 0 0 0 0 0 0 0 0 0 0 0 0 0
0 0 0 0 0 0 0 0 0 0 0 0 0 0 0 0 0 0 0 0 0 0 0 0 0 0 0 0 0 0 0 0 0 0 0 0 0 0 0 0 0 0 0 0 0 0 0 0 0 0
0 0 0 0 0 0 0 0 0 0 0 0 0 0 0 0 0 0 0 0 0 0 0 0 0 0 0 0 0 0 0 0 0 0 0 0 0 0 0 0 0 0 0 0 0 0 0 0 0 0
0 0 0 0 0 0 0 0 0 0 0 0 0 0 0 0 0 0 0 0 0 0 0 0 0 0 0 0 0 0 0 0 0 0 0 0 0 0 0 0 0 0 0 0 0 0 0 0 0 0
0 0 0 0 0 0 0 0 0 0 0 0 0 0 0 0 0 0 0 0 0 0 0 0 0 0 0 0 0 0 0 0 0 0 0 0 0 0 0 0 0 0 0 0 0 0 0 0 0 0
0 0 0 0 0 0 0 0 0 0 0 0 0 0 0 0 0 0 0 0 0 0 0 0 0 0 0 0 0 0 0 0 0 0 0 0 0 0 0 0 0 0 0 0 0 0 0 0 0 0
0 0 0 0 0 0 0 0 0 0 0 0 0 0 0 0 0 0 0 0 0 0 0 0 0 0 0 0 0 0 0 0 0 0 0 0 0 0 0 0 0 0 0 0 0 0 0 0 0 0
0 0 0 0 0 0 0 0 0 0 0 0 0 0 0 0 0 0 0 0 0 0 0 0 0 0 0 0 0 0 0 0 0 0 0 0 0 0 0 0 0 0 0 0 0 0 0 0 0 0
0 0 0 0 0 0 0 0 0 0 0 0 0 0 0 0 0 0 0 0 0 0 0 0 0 0 0 0 0 0 0 0 0 0 0 0 0 0 0 0 0 0 0 0 0 0 0 0 0 0
0 0 0 0 0 0 0 0 0 0 0 0 0 0 0 0 0 0 0 0 0 0 0 0 0 0 0 0 0 0 0 0 0 0 0 0 0 0 0 0 0 0 0 0 0 0 0 0 0 0
0 0 0 0 0 0 0 0 0 0 0 0 0 0 0 0 0 0 0 0 0 0 0 0 0 0 0 0 0 0 0 0 0 0 0 0 0 0 0 0 0 0 0 0 0 0 0 0 0 0
0 0 0 0 0 0 0 0 0 0 0 0 0 0 0 0 0 0 0 0 0 0 0 0 0 0 0 0 0 0 0 0 0 0 0 0 0 0 0 0 0 0 0 0 0 0 0 0 0 0
0 0 0 0 0 0 0 0 0 0 0 0 0 0 0 0 0 0 0 0 0 0 0 0 0 0 0 0 0 0 0 0 0 0 0 0 0 0 0 0 0 0 0 0 0 0 0 0 0 0
0 0 0 0 0 0 0 0 0 0 0 0 0 0 0 0 0 0 0 0 0 0 0 0 0 0 0 0 0 0 0 0 0 0 0 0 0 0 0 0 0 0 0 0 0 0 0 0 0 0
0 0 0 0 0 0 0 0 0 0 0 0 0 0 0 0 0 0 0 0 0 0 0 0 0 0 0 0 0 0 0 0 0 0 0 0 0 0 0 0 0 0 0 0 0 0 0 0 0 0
