750
447
500
595
887
909
1317
1676
1776
1842
1928
2236
2268
2431
2460
2590
2692
2751
2758
3069
3495
3508
3625
3692
3702
3727
4096
4245
4315
4469
4509
4568
4585
4689
4729
4807
5340
5374
5503
5634
5696
5808
5877
5941
5997
6188
6196
6301
6459
6738
6890
7061
7062
7114
7139
7432
7659
7835
7943
8220
8231
8269
8332
8338
8387
8409
8485
8759
8930
8948
8972
9015
9336
9510
9724
9795
9797
10060
10128
10328
10368
10497
10520
10739
10950
10981
11003
11005
11115
11160
11213
11290
11381
11669
11723
11754
11878
11935
12041
12073
12307
12360
12545
12651
12898
13334
13346
13441
13466
13628
13781
13817
13935
14321
14621
15344
15676
15683
15708
15748
15813
15821
15834
16121
16297
16498
16521
16673
17228
17407
17580
17826
17971
18027
18149
18250
18466
18537
18991
19037
19073
19369
19376
19439
19736
19841
20054
20098
20129
20241
20282
20359
20538
20668
20687
20904
21212
21273
21468
21628
21842
21950
22018
22026
22040
22078
22121
22131
22286
22420
22424
22491
22494
22506
22594
22801
22811
23197
23485
23583
23717
23814
23868
23956
24043
24070
24137
24391
24464
24675
24689
24872
25078
25317
25364
25463
25556
25669
25688
25844
25867
25971
26215
26309
26466
26635
26640
26715
26835
27022
27095
27153
27167
27219
27434
27513
27615
27704
27826
27842
27848
27983
28341
28389
28474
28525
28744
29063
29176
29179
29204
29209
29262
29556
29571
30009
30114
30166
30171
30242
30606
30695
30959
31034
31153
31269
31351
31431
31434
31448
31550
31852
31880
32001
32029
32107
32310
32314
32359
32768
32827
33254
33337
33397
33398
33515
33607
33632
33633
33767
33838
34277
34310
34331
34504
34838
34921
35014
35116
35309
35556
35729
36060
36206
36261
36284
36321
36381
36612
36860
36942
37033
37044
37419
37445
37494
37563
37610
37820
37872
37894
37990
38001
38089
38351
38735
38756
38813
38896
39016
39131
39135
39408
39567
39831
39992
40195
40255
40305
40394
40421
40503
40515
40533
40586
40600
40610
41190
41374
41436
41491
41642
41673
41718
42062
42084
42126
42339
42371
42382
42504
42563
42865
42899
43197
43547
43565
43711
43728
43736
43742
43758
43796
44079
44155
44329
44524
44541
44648
44741
44993
45273
45469
45602
45692
45703
45924
46009
46422
46523
46846
46892
46973
47043
47077
47129
47140
47152
47228
47396
47477
47609
47875
47888
48084
48216
48253
48466
48692
48734
48887
48905
49014
49217
49229
49266
49364
49399
49504
49588
49640
49731
49888
49988
50141
50237
50239
50336
50355
50858
50943
51036
51137
51186
51362
51391
51800
51850
52092
52159
52186
52267
52603
52617
52980
52981
53147
53189
53191
53214
53243
53560
53637
53738
53766
54087
54550
54599
54752
54753
54896
55127
55533
55541
55879
55938
56075
56141
56154
56191
56436
56556
56580
56621
56762
56901
57166
57180
57242
57779
57974
58093
58148
58209
58702
58819
58976
59064
59162
59282
59609
59625
59905
59962
60113
60166
60171
60310
60375
60397
60408
60477
60521
60710
61020
61287
61312
61316
61383
61443
61477
61503
61792
61918
62127
62166
62485
62556
62662
62669
62797
62841
63011
63021
63253
63496
63606
63828
63877
64008
64169
64219
64348
64450
64526
64539
64699
64740
64758
64825
64845
64932
65048
65128
65203
65269
65284
65445
65635
65746
65765
65849
65878
65883
65917
66040
66115
66122
66264
66332
66372
66434
66625
66773
66796
66848
66878
67036
67166
67240
67536
67604
67830
67963
68236
68246
68267
68378
68435
68829
69278
69560
69581
69593
69710
69896
70026
70109
70208
70554
70650
70715
70775
70821
70975
71018
71172
71231
71572
71631
71645
71725
72065
72130
72168
72260
72275
72301
72445
72655
72690
73007
73048
73125
73323
73995
74065
74072
74395
74600
74601
74647
74663
74675
74915
74939
75000
75363
75519
75716
75772
76052
76057
76064
76338
76357
76562
76632
76780
76825
76845
77008
77352
77433
77457
77495
77567
77769
78139
78375
78524
78589
78851
79017
79138
79266
79289
79303
79387
79556
79715
80105
80136
80222
80408
80489
80570
80653
80705
80707
80829
80988
81041
81744
81750
82169
82341
82374
82403
82407
82576
82733
82930
82948
82979
83074
83209
83324
83334
83428
83446
83753
83912
83977
84020
84351
84417
84508
84548
84657
84697
84810
85024
85057
85143
85452
85587
85653
85654
85700
85784
85990
86052
86232
86258
86544
86821
86833
86924
87069
87159
87187
87198
87305
87434
87645
87649
88405
88426
88436
88567
88877
88880
88897
89216
89326
89399
89519
89672
89716
89742
89768
89802
89806
89817
89961
90052
90133
90187
90221
90252
90345
90356
90360
90386
90692
90917
90930
90969
91357
91374
91565
91694
91976
92130
92361
92646
92816
92826
92948
93017
93018
