468
68
92
228
249
256
662
873
928
1031
1033
1262
1344
1663
1891
2099
2659
2830
2920
3098
3246
3558
3859
3878
4203
4250
4280
4330
4507
4545
4934
5007
5112
5142
5273
5652
5918
5926
6021
6753
6908
7349
7448
7709
7714
7766
7796
7828
8403
8476
8617
8663
8754
9175
9349
9414
9486
9557
9617
9718
9856
9924
10310
10432
10699
10720
12429
12531
12565
12661
13083
13171
13327
13390
13477
13699
13767
13796
13798
13967
13968
14023
14072
14085
14343
14545
14796
14840
14854
15183
15354
15380
15628
15659
15704
15799
15980
16250
16818
17019
17027
17071
17208
17732
17854
18173
18293
18339
18377
18575
18741
19192
19816
20122
20202
20643
20839
21126
21238
21516
21860
22127
22325
22535
22639
22992
23095
24012
24135
24322
24385
24557
24598
24876
25096
25530
25876
26048
26374
26480
26821
27158
27373
27511
27585
27899
27905
27934
28204
28241
28260
28687
28689
28825
28849
29205
29334
29469
29651
30065
30533
30688
31147
31455
32143
32292
32461
32480
32706
33101
33233
33295
33398
33460
33568
33898
34174
34806
34816
34843
35224
35353
35433
35729
35986
36395
36692
36937
37145
37164
37242
38043
38258
38458
38488
38897
38923
39036
39104
39346
39822
39928
40196
40459
40540
41636
41840
41978
41994
42052
42067
42310
42344
42370
42909
43028
43039
43206
43393
43507
44246
44924
45072
45307
45642
46033
46048
46100
46113
46545
46786
47166
47311
47327
47499
47611
47815
48616
48705
48730
48748
48815
48979
49010
49144
49307
49407
49540
49544
49959
50179
50199
50320
50340
50437
51266
51276
51369
51521
51694
51754
51934
52860
52876
53120
53333
53661
53666
53750
53895
53974
54121
54276
54366
54645
54657
54774
54842
55337
55676
56405
56476
56884
57218
57240
57360
57380
57681
57765
58151
58301
58433
58633
58803
59066
59152
59272
59332
59379
59498
60448
60550
60822
60823
61275
61326
61513
62233
62378
62387
62586
62640
62710
62776
63727
64240
64278
64407
64429
64530
64541
64573
64626
64809
64870
64942
65019
65403
65500
65518
65578
65946
66131
66209
66255
66655
66816
66829
66908
67277
67461
67471
67711
67761
68112
68282
68313
68654
68761
68894
69100
69664
69786
69894
69977
70028
70056
70061
70236
70302
70342
70621
70905
70939
71281
71358
71487
71495
71594
71663
72056
72360
72674
72687
73168
73297
73520
73663
73677
73700
74049
74151
74217
74317
74629
74651
74674
74683
74823
75329
75502
75518
75606
76002
76138
76188
76637
76793
76875
77023
77070
77474
77647
77805
78443
78544
78701
78704
78747
78769
78797
78836
79013
79171
79844
80018
80259
80305
80433
80517
80573
80945
81103
81378
81800
81860
82037
82182
82256
82584
82859
82971
83020
83136
83165
83197
83255
83298
83450
83552
83585
83635
83964
84131
84155
84210
84345
84374
84642
84755
84839
84868
84969
85043
85535
85606
85937
86524
87576
88151
88189
88299
88341
88433
88556
89430
89547
89656
89958
90078
