859
102
210
249
320
361
378
400
432
514
565
583
587
885
924
1000
1018
1160
1164
1318
1333
1402
1422
1453
1497
1557
1562
1608
1644
1714
1824
1888
1970
2025
2068
2071
2192
2227
2341
2363
2386
2454
2537
2558
2696
2864
2874
3073
3074
3140
3191
3192
3329
3378
3463
3860
3879
3934
3946
4056
4098
4104
4140
4149
4291
4320
4345
4346
4434
4592
4686
4837
4838
4901
4926
5001
5012
5334
5433
5474
5650
5651
5664
5758
5772
5999
6047
6061
6124
6125
6178
6190
6300
6317
6347
6690
6750
6914
7077
7127
7175
7263
7282
7295
7296
7312
7360
7442
7464
7495
7499
7501
7607
8240
8334
8422
8498
8647
8931
9236
9266
9319
9392
9594
9597
9677
9782
9793
9809
10085
10108
10166
10226
10261
10345
10444
10540
10588
10622
10632
10662
10669
10674
10723
10865
10893
10954
10990
11052
11062
11088
11130
11158
11286
11462
11468
11480
11929
11995
12048
12210
12226
12230
12244
12266
12270
12283
12294
12342
12401
12402
12472
12500
12508
12646
12674
12810
12814
12919
12940
13055
13057
13138
13161
13215
13319
13511
13550
13635
13671
13673
13755
13843
13874
13939
14010
14210
14239
14290
14375
14484
14516
14564
14638
14650
14693
14717
14814
14816
14897
14906
14978
15084
15174
15226
15433
15553
15594
15623
15678
15920
16297
16334
16464
16639
16764
16775
16844
17111
17164
17180
17216
17387
17457
17466
17477
17490
17498
17538
17593
17723
17724
18108
18478
18574
18918
18958
19069
19122
19168
19307
19442
19551
19559
19634
19653
19691
19855
19915
19955
20020
20190
20350
20482
20610
20810
20872
20895
20957
20981
21038
21057
21116
21176
21184
21288
21306
21440
21525
21548
21581
21585
21592
21650
21664
21764
21812
21988
22151
22195
22281
22345
22368
22549
22599
22738
22769
22809
22864
23307
23450
23514
23519
23521
23522
23535
23587
23654
23659
23677
23808
23852
23964
24004
24042
24136
24300
24348
24419
24589
24657
24694
24729
24892
25020
25199
25205
25247
25455
25571
25607
25752
25790
25853
25898
25930
25978
26041
26079
26086
26091
26154
26400
26443
26642
26684
26724
26743
26820
26970
27015
27062
27109
27306
27336
27360
27510
27601
27618
27739
27754
27781
28142
28226
28312
28343
28344
28533
28557
28621
28834
28897
28903
28922
28976
29049
29058
29313
29338
29356
29532
29546
29568
29653
29657
29671
29720
29729
29795
29814
29884
29996
30222
30225
30372
30484
30565
30590
30940
30985
31012
31166
31167
31199
31211
31225
31443
31551
31726
31860
32014
32103
32106
32338
32364
32420
32526
32631
32667
32753
32863
32887
33027
33055
33057
33093
33097
33116
33166
33231
33259
33275
33315
33444
33545
33618
33770
33872
33911
34146
34182
34246
34347
34354
34441
34477
34512
34578
34788
34845
34995
35078
35108
35201
35320
35414
35510
35535
35584
35670
35679
35720
35721
35819
35845
35950
35967
36006
36082
36276
36321
36327
36598
36636
36640
37007
37026
37076
37237
37291
37310
37487
37493
37684
37770
37795
37922
37987
38007
38124
38309
38426
38504
38558
38603
38795
38859
38870
39147
39185
39389
39396
39583
39835
39878
39918
39990
40040
40210
40216
40398
40698
40700
40720
40739
40798
41016
41071
41256
41383
41527
41591
41672
41686
41752
41886
41891
41950
42066
42088
42127
42164
42198
42410
42473
42589
42740
42803
42852
42865
42960
43001
43012
43030
43609
43621
43769
43802
43878
43980
44039
44096
44295
44333
44461
44577
44641
44786
44844
44846
44908
45146
45198
45213
45273
45282
45490
45634
45676
46083
46172
46193
46204
46259
46456
46541
46550
46671
46930
46993
47194
47285
47306
47345
47527
47571
47824
47898
47939
47947
48111
48270
48355
48389
48468
48503
48532
48610
48647
48789
49079
49157
49199
49348
49379
49422
49444
49469
49490
49783
49828
49852
49876
50151
50287
50299
50349
50378
50443
50449
50466
50490
50512
50657
50672
50694
50754
50879
50903
50950
51044
51138
51324
51329
51359
51361
51363
51396
51431
51524
51871
51934
52073
52120
52245
52251
52265
52285
52313
52423
52451
52772
52861
52999
53015
53052
53303
53407
53456
53480
53485
53560
53617
53632
53706
53894
53994
54157
54207
54386
54410
54440
54576
54917
55071
55117
55130
55187
55191
55514
55579
55737
55837
55894
56187
56201
56375
56607
56698
56780
56859
56885
56892
56918
57097
57112
57141
57355
57372
57381
57604
57834
57894
58077
58108
58219
58254
58295
58389
58529
58531
58538
58542
58595
58644
58906
58991
59022
59122
59188
59189
59223
59273
59351
59389
59567
59577
59799
59952
60186
60412
60479
60696
60902
60916
60966
60989
61246
61293
61441
61457
61520
61688
61700
61815
61840
62045
62048
62110
62264
62709
62718
62738
62951
63004
63213
63225
63286
63313
63384
63457
63530
63622
63691
63770
63808
63878
64127
64140
64215
64364
64385
64492
64521
64743
64795
64897
64960
64984
65094
65107
65120
65157
65227
65244
65284
65324
65552
65566
65587
65730
65828
65847
65878
65928
65984
66001
66163
66180
66236
66306
66371
66380
66547
66568
66575
66636
67031
67106
67164
67197
67257
67299
67307
67411
67485
67554
67763
67823
67835
67991
68023
68062
68095
68325
68362
68493
68607
68614
68669
68863
68870
68886
68971
68998
69290
69339
69341
69369
69491
69530
69561
69566
69587
69796
69843
69878
70172
70194
70196
70251
70286
70417
70453
70456
70462
70476
70526
70615
70618
70706
