790
328
622
626
663
673
828
916
935
960
993
1093
1376
1611
1614
1722
1814
1867
2022
2112
2403
2508
2621
2691
2748
2760
2837
2920
2967
3119
3142
3180
3321
3330
3571
3713
3748
3792
3900
3968
4000
4164
4235
4279
4498
4509
4591
4659
4674
4720
4723
4745
4861
4933
5077
5115
5576
5613
5756
5802
5920
6013
6046
6165
6204
6274
6279
6303
6324
6400
6476
6483
6644
6651
6698
6734
6896
6927
6944
7016
7103
7106
7207
7223
7252
7304
7355
7698
7749
7754
7790
7800
7818
7822
7955
8125
8173
8178
8214
8395
8457
8626
8654
8875
8918
9153
9197
9221
9226
9299
9307
9381
9422
9451
9489
9567
9792
9841
9902
9934
10027
10236
10323
10493
10506
10586
10615
10640
10719
10928
10973
11023
11034
11091
11387
11458
11504
11617
11967
11975
11985
11997
12126
12353
12624
12632
12659
12720
12980
13025
13097
13218
13221
13234
13272
13307
13330
13336
13340
13433
13645
13684
13797
13807
13842
13883
13942
13949
13964
14211
14213
14516
14538
14565
14610
14620
14736
14832
14959
15377
15493
15498
15549
15638
15726
15761
15962
15977
16081
16095
16135
16151
16162
16412
16467
16498
16661
16809
16878
16907
16937
17013
17038
17058
17224
17647
17713
17741
17761
17771
17800
17968
18048
18113
18179
18216
18315
18328
18399
18430
18613
18904
19008
19037
19128
19150
19379
19841
19969
20104
20113
20125
20130
20259
20323
20341
20407
20411
20418
20516
20536
20569
20693
20834
20855
21101
21102
21201
21246
21412
21481
21608
21645
21738
21838
21906
22164
22166
22172
22262
22364
22454
22513
22521
22551
22644
22761
22771
22819
22904
23162
23293
23414
23575
23794
23872
24197
24282
24309
24366
24388
24534
24666
24689
24728
24742
24876
24922
24926
25057
25114
25190
25211
25364
25463
25501
25510
25523
25548
25621
25792
25797
25808
25885
26114
26244
26261
26365
26401
26891
27027
27055
27082
27132
27176
27275
27291
27359
27463
27576
27727
27730
27797
27879
28315
28389
28449
28541
28637
29178
29214
29424
29465
29531
29680
29693
29753
29997
30127
30151
30159
30203
30290
30298
30320
30424
30441
30570
30780
30950
31087
31257
31264
31317
31343
31586
31649
31705
31727
32004
32109
32291
32352
32383
32415
32514
32811
32825
32864
32865
33109
33138
33339
33445
33504
33533
33660
33733
33765
33792
33857
33869
33891
34031
34066
34154
34222
34382
34458
34584
34703
34941
34987
35100
35204
35331
35515
35605
35715
35798
35812
35898
36010
36071
36120
36129
36196
36484
36501
36616
36646
36843
36883
37049
37187
37189
37245
37394
37425
37450
37556
37662
37669
37674
37932
38003
38090
38133
38191
38196
38804
38864
38956
39005
39030
39090
39193
39290
39297
39325
39400
39489
39527
39581
39768
40086
40090
40100
40199
40261
40265
40281
40427
40608
40656
40659
40861
41020
41126
41233
41303
41335
41384
41430
41438
41472
41480
41486
41537
41599
41727
41771
41814
41894
41942
42046
42399
42416
42536
42565
42741
43058
43063
43110
43124
43162
43407
43485
43525
43649
43690
43953
43955
44038
44067
44399
44454
44713
44750
44752
44808
44865
44869
44893
44955
45027
45079
45085
45184
45237
45343
45344
45431
45500
45605
45792
45929
45940
45980
46166
46172
46322
46377
46487
46580
46595
46596
46688
46869
46884
47001
47226
47332
47402
47514
47764
47890
48192
48242
48252
48276
48308
48347
48386
48422
48587
48679
48723
48725
48850
48972
49073
49226
49376
49579
49848
49924
50123
50229
50348
50414
50455
50512
50552
50575
50599
50660
50693
50758
50808
50906
50918
50981
51003
51022
51314
51327
51344
51524
51550
51583
51586
51643
51719
51731
51907
52024
52071
52094
52158
52246
52288
52297
52367
52417
52455
52654
52971
53032
53169
53209
53221
53256
53450
53582
53660
53702
53780
53873
53874
53956
54029
54101
54115
54178
54187
54324
54447
54544
54607
54713
54821
54828
54910
54955
55124
55132
55165
55170
55253
55308
55578
55656
55689
55865
55888
55910
56452
56611
56686
56726
56737
56790
56843
56962
57024
57027
57171
57415
57631
57812
57937
57995
58007
58020
58069
58078
58221
58305
58323
58531
58687
58712
58821
58924
58997
59007
59040
59044
59103
59111
59175
59251
59394
59587
59820
59981
60000
60036
60142
60288
60396
60638
60650
60752
60913
61049
61060
61190
61296
61464
61652
62044
62163
62382
62427
62473
62540
62732
62861
62905
62906
62938
62947
63130
63268
63299
63549
63614
63813
63885
63998
64049
64394
64415
64531
64598
64637
64801
64831
64872
64904
64986
65041
65054
65066
65169
65171
65274
65310
65344
65390
65490
65624
65698
65728
65752
65785
66052
66182
66363
66635
66674
66708
66879
66969
67088
67119
67289
67409
67433
67528
67650
67668
67791
67803
67860
67888
68033
68053
68160
68231
68279
68345
68357
68397
68415
68518
68529
68600
68693
68699
68774
69006
69156
69232
69355
69519
69554
69703
69741
69746
69873
70230
70258
70349
70362
70475
70609
70623
70687
70741
