1000
93
178
289
459
614
730
772
786
860
1220
1521
1599
1692
1694
1990
2094
2120
2144
2173
2214
2243
2358
2368
2419
2579
3050
3250
3260
3413
3420
3461
3757
3762
3841
3866
3947
4019
4093
4168
4220
4316
4319
4361
4494
4556
5046
5289
5292
5372
5390
6023
6101
6232
6347
6493
6503
6544
6600
6868
6949
7007
7101
7271
7282
7302
7476
7582
7601
7631
7747
8043
8309
8376
8399
8468
8556
8683
8974
9037
9062
9137
9393
9396
9586
9662
9751
9767
9936
9966
9971
10056
10114
10150
10158
10310
10312
10439
10443
10505
10688
10723
10778
10784
10884
10902
10972
11133
11150
11210
11234
11495
11583
11607
11673
11742
12046
12125
12392
12663
12742
12827
12897
12926
13111
13113
13158
13234
13245
13343
13436
13631
13756
13853
13929
14048
14180
14190
14366
14689
14757
14989
15008
15237
15642
15648
15657
15706
15797
15839
15873
16089
16411
16503
16813
16897
17050
17102
17189
17287
17294
17413
17445
17752
17776
17778
17838
17855
17980
18122
18222
18344
18490
18495
18520
18589
18629
18654
18797
19021
19026
19082
19491
19545
20004
20177
20224
20286
20410
20498
20636
20654
20699
20758
20766
20937
21123
21128
21404
21661
21738
21769
21866
22228
22369
22559
22572
22643
22678
22724
22784
22796
22808
22836
23108
23148
23203
23227
23264
23489
23512
23648
23671
23807
23866
23951
23982
24052
24104
24176
24227
24266
24436
24739
24757
24809
24921
24945
25016
25184
25239
25243
25419
25494
25544
25578
25669
25692
25703
25772
25871
25938
25980
26051
26067
26230
26409
26528
26659
26681
26805
26832
26946
27009
27110
27191
27218
27234
27369
27529
27584
27619
27665
28033
28093
28312
28361
28444
28566
28868
29019
29038
29205
29235
29417
29438
29519
29538
29650
29733
29779
29845
29938
29969
30125
30491
30597
30692
30882
30946
30986
31074
31088
31158
31532
31592
31646
31737
31746
31838
31887
32028
32036
32042
32119
32168
32480
32764
32836
32863
32980
33031
33047
33092
33252
33481
33539
33544
33547
33582
33648
33706
33787
34221
34269
34278
34354
34428
34445
34615
34672
34737
34830
34877
34938
34954
35055
35078
35155
35198
35265
35346
35377
35506
35632
35674
35774
35796
35800
35802
35911
36081
36301
36455
36468
36510
36578
36613
36979
36988
37318
37441
37462
37487
37804
37832
37864
37923
38019
38021
38061
38136
38184
38318
38351
38725
38829
38866
38991
39054
39056
39118
39295
39383
39450
39602
39742
39830
39838
39872
39891
39996
40064
40350
40446
40619
40622
40674
40765
40862
41215
41324
41560
41616
41637
41743
41794
41840
41908
42008
42088
42099
42119
42188
42224
42296
42301
42367
42448
42516
42609
42764
42833
42849
42922
42926
42974
43034
43079
43183
43222
43244
43248
43282
43343
43397
43447
43793
43827
43891
43932
44263
44267
44339
44469
44484
44607
44672
44793
44917
44979
45009
45065
45409
45429
45439
45542
45566
45593
45738
45936
46041
46274
46542
46648
46659
46661
46688
46803
46900
46915
46939
47004
47006
47011
47188
47232
47835
47866
47993
48002
48005
48069
48130
48257
48305
48327
48403
48548
48717
48798
48811
48914
48967
48995
49044
49134
49202
49281
49354
49411
49631
49648
49828
49962
50029
50152
50561
50565
50599
50653
50657
50731
50749
50814
50918
50986
51064
51075
51103
51176
51468
51495
51611
51614
51664
51719
51772
51775
51824
51987
52023
52637
52694
52715
52731
52844
52865
52869
53045
53058
53211
53223
53421
53459
53924
54275
54281
54551
54760
54978
55118
55122
55203
55343
55365
55652
55666
55730
55939
56170
56181
56205
56207
56227
56265
56279
56320
56422
56442
57101
57172
57187
57224
57380
57579
57650
57939
57981
58086
58124
58183
58558
58678
58795
58806
58818
58929
58933
58988
59052
59062
59065
59232
59534
59540
59561
59661
59675
59817
59899
59908
59925
59929
59954
60026
60227
60382
60402
60403
60456
60460
60491
60506
60514
60560
60654
60807
60847
61183
61192
61304
61457
61514
61672
61705
61738
61797
61805
61907
61980
61989
62030
62088
62141
62181
62308
62581
62717
62782
62913
62924
63026
63182
63201
63213
63553
63554
63624
63643
63660
63976
64064
64125
64187
64212
64688
64723
64726
64870
65257
65314
65346
65469
65747
65829
66188
66256
66351
66369
66438
66470
66501
66633
66716
66858
67309
67481
67714
67924
68111
68141
68187
68265
68276
68336
68358
68475
68484
68491
68537
68547
68612
68618
68676
68895
69096
69255
69278
69322
69385
69474
69896
70052
70068
70280
70419
70457
70474
70645
70648
70649
71051
71127
71188
71295
71386
71448
71639
71740
71883
71942
71959
72066
72331
72414
72632
72759
72883
73049
73114
73155
73159
73329
73472
73543
73655
73688
73717
73750
73820
73846
73863
73981
74144
74161
74173
74248
74259
74260
74311
74325
74426
74434
74520
74607
74800
74809
74847
74909
75149
75361
75414
75643
75756
75758
75825
75840
75875
75915
76148
76441
76515
76671
76785
76829
76830
76845
76921
76929
76956
77054
77415
77452
77717
77728
77743
77835
77901
77902
77924
78030
78081
78085
78209
78315
78360
78390
78431
78660
78704
78921
78978
79369
79506
79517
79571
79586
79612
79736
79770
79789
79790
79860
79989
79999
80041
80371
80476
80528
80548
80629
80792
80857
80972
81301
81504
81905
81919
81930
81966
81983
82033
82036
82039
82102
82248
82270
82359
82374
82512
82560
82599
82605
82759
82816
82832
82836
82851
82898
82984
83088
83213
83314
83404
83492
83522
83609
83949
83991
84079
84154
84201
84267
84468
84494
84509
84529
84604
84782
84820
84829
84845
84920
85033
85148
85372
85398
85405
85443
85447
85501
85565
85801
85892
85901
85942
85965
85975
86077
86079
86190
86345
86513
86521
86613
86661
86743
86812
86820
86934
87097
87133
87243
87306
87354
87411
87484
87605
87629
87648
87749
87772
87952
88071
88136
88168
88515
88575
88699
88850
89031
89062
89124
89300
89333
89392
89460
89580
89704
89736
89805
89885
90034
90389
90393
90546
91020
91059
91179
91449
91662
91733
91898
91899
92030
92060
92097
92141
92190
92200
92295
92367
92500
92563
92708
92774
92985
93053
93071
93075
93103
93112
93213
93408
93708
93802
93918
93940
94009
94286
94395
94419
94486
94505
94666
94858
94893
94896
95059
95186
95301
95313
95323
95409
95425
95589
95634
95726
95739
95875
96122
