230
446
368
270
336
753
923
913
622
389
289
994
930
692
889
103
740
934
1
643
338
585
107
666
209
501
815
823
587
34
610
577
76
546
275
775
496
548
168
439
218
565
88
178
952
746
536
887
931
306
987
992
124
834
33
977
587
264
267
10
699
804
642
386
654
498
406
399
343
678
628
357
542
506
611
53
822
286
582
932
697
150
287
661
685
907
920
12
281
358
639
158
324
921
267
426
900
593
569
86
994
71
97
929
602
201
130
868
603
463
564
539
742
376
11
914
141
165
497
361
272
796
825
655
469
64
59
277
872
28
615
69
93
579
660
909
490
192
498
890
547
327
204
857
908
861
249
899
386
667
216
874
381
992
475
291
215
21
244
531
161
404
395
444
350
749
200
413
833
775
702
456
46
624
639
273
742
937
338
778
327
173
64
325
845
372
183
447
856
767
976
818
118
805
493
59
889
483
325
707
670
452
473
358
208
924
10
763
687
495
899
238
720
574
489
662
772
586
515
276
642
729
738
677
89
664
963
16
449
420
639
