515
495
683
91
507
220
315
27
247
62
992
450
505
316
175
225
574
399
552
814
263
581
792
757
274
307
544
211
431
251
880
513
257
347
389
315
406
818
318
727
300
625
344
852
722
659
270
371
686
566
239
922
436
781
868
71
824
65
336
17
479
421
46
952
781
565
257
544
225
914
140
123
747
636
580
711
90
905
358
132
412
38
371
745
776
355
717
413
195
57
679
598
849
857
673
567
302
911
483
400
825
948
320
370
80
369
765
488
743
738
602
760
17
621
842
713
311
203
814
497
706
245
310
126
472
248
779
245
428
426
914
813
335
593
686
420
655
165
846
548
378
909
627
588
881
762
957
956
576
999
668
121
571
95
906
427
682
862
563
393
403
735
925
57
193
425
28
995
820
727
915
669
176
504
977
886
228
70
604
86
192
733
305
372
368
763
601
774
16
867
402
702
266
692
209
917
7
730
242
968
56
517
564
802
165
563
271
279
792
482
257
490
79
786
146
216
329
883
591
818
850
641
888
397
139
745
388
685
447
597
486
442
800
60
122
409
517
859
355
942
401
266
989
100
160
601
104
206
78
452
649
880
732
824
251
508
673
751
940
761
485
586
143
555
555
582
750
510
356
926
641
866
727
556
268
625
907
217
367
472
991
747
264
204
314
716
212
962
319
207
781
457
396
748
14
996
747
246
722
95
725
117
141
564
55
828
274
480
628
646
234
287
887
322
636
274
411
422
981
588
395
199
302
878
350
636
463
483
836
662
175
401
462
921
717
458
112
83
513
0
350
446
770
933
736
243
264
327
44
33
34
652
581
195
732
111
332
390
183
893
868
617
149
651
926
577
187
338
949
471
202
607
932
894
656
334
528
279
674
974
190
619
162
298
607
261
715
435
824
574
908
265
298
810
196
396
217
454
288
204
219
561
167
908
445
857
271
931
332
947
819
520
265
917
317
560
393
201
595
930
793
695
321
994
238
753
53
123
312
227
877
508
720
948
436
361
402
718
726
377
911
901
902
92
337
826
278
391
624
153
555
73
964
287
957
858
163
337
16
435
56
940
212
956
401
188
888
774
458
672
568
337
504
356
36
454
522
435
692
579
697
933
348
560
140
156
459
642
625
831
438
501
763
199
426
689
342
915
889
484
798
670
427
425
181
946
999
457
596
847
806
710
873
388
924
659
