842
872
969
115
633
183
485
177
672
36
891
663
142
789
765
144
149
565
425
494
533
687
589
666
903
999
626
339
786
17
555
543
270
894
643
535
175
969
93
814
758
758
78
656
992
792
711
792
959
214
535
972
92
897
55
42
726
375
531
133
22
700
781
893
273
981
519
658
537
694
242
673
357
227
715
677
586
379
342
637
446
923
424
769
245
590
699
953
611
654
3
160
248
741
360
672
886
13
920
733
189
664
429
199
140
795
956
708
594
617
663
702
464
221
335
193
994
614
744
764
379
883
813
184
843
73
347
587
756
237
945
192
143
620
22
333
913
911
810
701
530
233
915
9
28
755
627
33
33
581
428
869
494
389
576
1000
408
963
928
867
74
739
392
815
223
663
85
166
824
430
84
398
45
941
592
692
611
242
443
374
510
593
889
249
704
582
65
961
787
486
926
203
457
474
654
593
710
865
825
205
247
335
91
249
303
358
309
866
480
640
241
415
770
809
310
826
395
932
328
691
694
385
417
385
292
557
104
606
902
984
494
790
957
935
199
691
125
883
275
63
857
260
233
987
916
713
637
958
886
697
403
671
178
207
321
324
973
789
539
1000
361
341
562
452
799
542
166
749
445
751
759
936
299
897
505
567
518
623
935
505
257
476
820
91
234
841
400
171
603
226
537
550
440
689
701
960
177
981
408
822
189
256
998
673
912
600
248
75
527
374
85
427
298
643
534
830
845
961
559
628
354
830
401
794
397
718
459
40
250
327
329
110
572
778
674
382
132
248
635
777
106
678
351
686
549
399
609
179
468
635
922
338
82
995
632
814
92
673
217
135
989
175
557
560
529
16
645
378
990
633
352
753
983
192
13
265
122
929
579
190
584
251
926
91
779
748
532
406
992
431
20
52
41
140
793
476
104
614
310
499
313
674
785
323
939
360
619
800
97
732
88
785
836
736
509
403
8
705
846
928
199
75
824
880
955
697
357
998
451
324
611
767
921
197
832
596
619
182
87
137
913
338
372
420
932
514
214
131
170
870
77
976
268
806
503
697
942
558
760
63
24
856
841
972
871
214
804
643
588
270
254
33
677
432
872
842
76
735
624
663
870
799
552
701
915
530
593
50
125
482
90
101
71
425
461
1
811
706
411
770
886
632
856
508
970
848
284
440
903
284
293
179
75
755
408
792
556
887
423
655
879
609
350
540
957
495
755
239
912
789
834
500
901
503
543
408
583
576
304
809
183
496
989
111
117
966
66
204
714
258
800
714
795
309
598
372
378
125
537
289
162
693
789
831
235
355
617
406
835
27
387
643
600
428
528
652
419
363
890
466
827
18
1000
671
357
435
125
247
90
231
759
677
689
591
365
756
905
191
649
410
863
246
269
193
720
922
479
574
599
885
319
670
988
736
812
177
101
834
108
77
779
701
746
573
692
674
23
902
212
13
355
418
429
932
45
212
901
248
126
513
957
398
794
632
202
814
101
679
360
272
543
768
376
293
856
84
798
125
907
760
344
130
630
795
242
107
616
648
127
173
952
49
223
897
856
690
23
34
404
158
431
123
716
293
433
750
168
968
417
136
2
645
865
791
328
470
414
84
243
724
361
274
415
290
373
693
347
497
771
313
91
505
225
716
315
191
102
22
369
826
386
109
237
750
95
415
649
487
9
35
821
956
900
528
585
481
212
900
4
237
382
957
440
120
213
548
442
825
323
646
214
953
249
717
755
858
628
522
400
257
780
173
390
19
765
487
51
63
138
254
9
10
14
351
506
523
206
183
307
228
887
798
936
112
732
981
96
779
355
7
856
645
872
307
645
139
704
923
324
731
476
626
379
664
828
608
251
222
739
685
783
186
477
908
2
194
992
399
261
834
122
254
966
171
852
519
186
357
245
333
859
576
136
682
233
82
594
997
526
478
812
105
128
