137
750
3
590
655
496
127
683
737
500
746
157
108
89
303
68
612
427
955
686
664
826
427
904
297
221
532
840
849
50
814
76
481
781
268
37
935
363
322
13
23
888
373
208
238
113
129
672
99
988
392
521
878
175
851
514
514
593
476
137
949
690
146
12
462
214
942
175
534
483
781
166
284
443
605
445
291
812
801
796
117
540
932
570
281
731
169
939
826
578
821
6
866
91
419
221
867
65
373
22
830
553
848
17
428
47
539
289
598
187
418
911
950
811
350
490
795
608
817
184
817
189
718
489
862
234
260
545
262
738
521
202
151
280
162
16
867
769
