664
14
309
515
726
511
587
169
601
699
365
797
143
700
762
631
199
734
131
481
337
219
462
31
213
843
700
194
287
581
622
508
680
437
963
617
81
118
33
301
922
248
752
29
959
463
114
353
430
712
548
110
346
219
684
590
979
758
158
198
373
785
301
595
865
98
626
778
336
508
731
733
714
701
763
358
398
160
22
18
811
312
295
293
500
832
246
345
522
121
108
156
782
905
285
575
293
232
76
178
541
257
239
891
705
15
527
871
728
323
207
327
610
521
317
71
965
890
996
293
114
754
122
911
204
241
765
157
949
142
407
29
817
768
152
317
620
758
911
48
644
608
405
888
255
468
993
352
206
296
221
560
389
627
874
158
477
451
268
969
890
696
600
677
835
557
678
339
644
700
347
625
913
70
940
159
741
638
450
298
825
602
185
54
539
241
72
993
997
699
773
622
317
925
1
133
986
156
207
33
734
375
591
86
586
20
933
11
192
855
967
761
40
128
891
444
602
840
859
159
708
295
215
407
780
246
0
702
627
194
446
732
688
946
91
948
820
712
383
410
938
988
360
364
251
206
357
646
627
779
162
328
68
634
231
130
520
660
770
228
841
256
402
494
889
340
267
857
961
510
830
179
884
373
644
664
372
138
652
344
121
7
704
869
203
192
319
738
447
209
46
786
358
703
598
204
586
849
874
347
808
800
629
821
947
635
91
975
982
203
398
291
891
26
283
223
162
53
296
691
335
558
214
906
571
206
747
832
121
399
403
820
154
7
773
825
849
781
302
61
763
430
750
112
136
546
347
445
726
226
2
836
690
785
263
665
267
546
286
328
92
990
249
678
381
984
364
822
550
897
674
133
627
82
380
502
62
418
952
923
643
815
145
689
418
807
353
834
579
880
995
465
403
14
118
212
351
855
396
81
221
563
72
681
82
722
675
65
824
25
202
833
670
23
603
990
884
1000
430
411
889
502
34
309
236
473
646
177
36
442
146
135
368
824
832
418
37
62
134
822
549
867
886
898
634
123
53
481
794
715
611
729
573
37
407
587
289
830
43
347
346
403
87
765
613
469
786
274
716
561
474
691
790
752
842
294
257
716
136
731
849
252
44
545
424
919
187
141
597
57
903
80
545
348
864
922
480
698
679
593
847
646
788
150
366
813
1
337
699
960
565
17
623
992
660
248
982
681
940
998
212
58
32
897
117
727
884
603
200
553
731
709
141
733
997
542
832
901
210
672
652
114
413
416
89
86
538
853
315
656
314
146
133
867
845
192
341
715
536
135
348
314
692
969
387
424
865
406
313
189
679
610
718
378
708
626
465
790
788
30
288
852
357
750
365
912
769
315
581
451
717
409
391
673
432
582
521
411
76
394
786
861
713
157
258
877
578
514
934
457
455
286
29
564
780
758
110
379
240
247
363
509
748
716
752
436
721
839
789
365
854
865
355
885
361
132
972
107
261
669
796
754
206
828
129
918
866
327
47
878
744
835
219
533
181
546
962
555
798
920
384
262
745
134
335
