266
127
142
818
604
21
707
397
799
558
627
963
419
839
201
840
558
300
316
759
462
305
914
236
846
448
748
578
130
505
361
155
356
930
130
699
684
966
207
44
296
102
794
125
320
970
587
348
758
550
506
692
739
639
674
191
853
869
521
876
105
113
764
788
406
70
849
187
285
496
278
64
982
356
219
935
895
921
922
788
518
817
317
54
963
205
212
137
138
178
889
630
554
713
131
767
54
889
301
734
414
691
482
24
486
57
609
76
22
167
81
579
196
988
444
200
172
388
819
987
387
42
338
88
462
704
819
742
365
664
944
424
597
149
812
871
845
629
864
689
756
134
282
13
615
412
366
602
989
813
544
404
971
538
663
990
286
645
36
377
188
992
928
594
249
215
831
921
951
191
347
664
120
421
671
570
797
559
486
748
773
697
249
659
468
991
158
209
112
493
893
310
488
196
272
19
239
584
347
412
555
428
482
923
336
132
702
839
478
527
189
634
862
78
766
922
169
331
845
820
843
368
758
963
282
938
358
120
209
457
229
474
856
866
805
333
925
470
584
882
847
915
374
400
291
759
801
470
961
764
850
527
218
74
825
131
142
148
903
662
793
47
978
870
313
818
919
