857
493
911
992
324
424
861
593
114
654
650
875
827
947
628
711
878
450
583
632
561
966
37
66
321
305
122
106
769
704
523
739
319
58
353
301
616
657
504
110
100
259
721
208
731
753
385
314
712
308
998
652
933
857
745
566
101
745
129
284
519
480
83
756
515
585
638
151
875
518
920
281
324
950
93
295
742
360
204
90
675
637
781
682
169
390
27
723
502
572
371
41
99
487
112
461
159
740
362
492
100
603
236
151
758
810
481
551
884
568
311
62
962
794
254
527
224
639
802
215
491
766
769
304
870
51
686
986
91
92
336
771
621
431
434
832
315
644
606
1
863
156
993
360
286
116
439
538
661
844
64
215
198
707
888
204
199
18
562
75
809
716
834
679
778
26
603
134
449
355
335
98
249
341
870
767
863
889
600
54
978
481
521
780
826
476
935
574
428
375
859
737
676
442
454
224
13
741
554
319
78
946
170
732
5
63
7
989
574
411
902
981
621
81
898
30
711
2
234
492
636
963
815
708
459
474
963
687
839
86
893
140
366
482
81
228
767
899
140
952
629
268
607
974
263
403
136
846
730
3
209
777
733
385
150
626
604
326
123
784
189
858
297
128
64
315
603
517
957
753
704
87
840
977
662
661
40
415
101
754
695
524
647
533
938
845
869
335
264
729
987
566
99
379
282
490
484
239
567
919
493
448
41
50
228
643
18
682
931
255
484
57
381
249
574
745
825
134
159
24
555
7
165
255
478
496
59
550
840
130
639
474
902
488
684
337
612
936
36
998
629
731
773
869
511
674
957
3
997
91
756
270
228
264
333
587
188
740
331
518
803
893
509
88
949
772
941
376
424
668
756
41
586
769
135
410
985
778
3
244
586
45
521
760
669
503
401
642
904
880
661
450
71
555
171
453
288
361
609
876
127
1
882
295
241
207
397
700
542
762
478
957
197
887
341
675
866
568
267
986
267
810
851
855
887
121
801
358
112
896
327
810
619
796
635
286
68
388
361
62
986
237
591
10
97
236
208
921
273
246
520
38
889
479
449
715
861
67
640
90
52
670
937
4
126
948
347
22
986
844
804
966
457
512
179
248
363
523
284
298
610
977
410
83
165
959
91
61
185
624
949
20
939
621
206
789
960
297
613
296
1
996
256
750
317
342
238
657
461
293
856
276
282
143
928
74
18
300
239
113
91
691
536
804
397
864
464
699
642
202
549
245
586
308
818
757
982
639
69
583
48
139
471
498
294
431
774
587
504
160
972
773
25
78
508
897
781
993
895
681
942
371
257
269
284
869
619
994
651
993
159
1000
437
345
760
822
169
908
321
338
356
356
508
574
762
660
532
813
598
934
576
250
30
520
109
856
29
295
746
669
656
573
185
184
869
811
131
987
679
557
969
631
995
512
660
755
41
145
5
13
562
702
535
115
771
73
966
347
247
284
156
533
170
937
377
952
539
2
943
962
219
531
172
813
652
513
995
478
912
813
916
187
864
513
292
223
652
477
142
183
406
431
659
414
406
368
662
305
439
671
46
563
936
410
110
188
77
572
789
699
738
330
810
137
68
813
791
60
660
454
670
304
593
641
782
433
973
854
571
796
511
578
814
63
136
332
2
808
479
248
593
874
859
733
718
198
498
140
734
694
105
322
649
65
596
479
983
65
13
270
93
758
94
351
40
827
837
841
614
939
916
587
24
136
101
405
780
354
175
784
988
340
217
615
485
25
706
53
776
95
637
990
747
410
267
424
853
85
711
923
798
635
958
955
510
169
602
650
249
815
258
918
225
236
949
318
690
712
73
187
728
431
434
685
19
246
957
640
46
660
307
543
835
578
351
644
645
861
695
444
713
778
867
240
486
176
638
608
112
909
869
795
433
401
274
508
674
782
186
583
41
727
478
121
449
524
292
225
267
240
623
555
972
486
667
605
694
548
395
116
463
249
930
649
596
594
49
195
