392
826
43
419
115
884
769
827
717
620
397
350
909
138
218
578
804
208
375
47
814
499
430
799
446
123
175
514
403
160
830
571
343
802
343
93
161
822
707
872
394
16
229
722
263
658
214
883
591
725
92
757
650
131
44
58
911
163
190
344
462
862
642
122
97
750
640
294
551
89
248
598
620
176
346
381
978
314
944
658
773
845
62
624
508
51
939
345
824
469
970
630
956
708
863
265
582
392
204
782
999
283
573
97
362
918
811
686
760
755
943
457
351
273
993
930
400
894
612
637
555
440
184
111
155
260
929
320
777
855
493
16
228
771
137
536
641
122
1000
848
557
474
102
59
804
10
291
247
742
920
364
963
706
964
219
572
570
32
203
425
162
127
472
391
856
402
240
65
959
689
802
327
851
606
513
933
743
624
53
587
899
837
198
233
805
142
439
987
504
168
108
200
989
110
753
424
253
325
788
417
698
313
138
788
24
971
808
936
682
57
179
502
866
544
806
911
928
478
96
321
981
620
923
733
951
719
675
340
117
599
889
411
789
673
707
24
986
898
44
481
282
311
415
418
219
628
95
632
12
577
201
804
19
6
158
665
668
799
497
46
92
830
645
539
980
183
139
530
350
574
204
24
743
654
128
769
423
373
106
506
177
698
378
854
944
563
177
212
274
661
282
430
678
566
368
759
90
993
964
0
210
701
260
631
657
861
925
575
901
25
61
887
648
305
465
6
278
908
691
888
209
808
598
929
202
562
247
989
460
730
441
645
447
462
414
51
914
978
457
35
71
258
192
874
625
758
509
404
587
390
930
74
125
206
188
213
43
20
22
928
810
4
720
85
462
604
114
784
235
960
195
295
527
825
125
226
936
630
68
214
56
599
102
528
427
211
158
678
841
304
411
704
826
