427
888
181
630
722
258
126
209
223
782
75
24
354
835
383
20
897
98
35
880
7
800
626
842
804
533
384
131
889
689
993
962
758
800
552
695
979
768
264
609
463
1
270
615
297
174
94
513
531
905
276
557
666
842
844
962
789
573
73
529
345
506
735
529
518
6
301
957
970
527
579
729
695
876
992
344
273
205
180
653
736
409
539
904
604
301
406
544
757
151
8
489
277
19
289
119
96
717
555
83
510
286
39
45
812
797
297
660
845
452
295
395
308
304
977
628
477
962
374
132
198
262
480
758
957
952
612
631
145
885
129
153
409
592
637
196
785
895
213
503
336
830
483
397
204
105
176
41
161
343
600
990
516
636
735
588
722
172
181
960
764
25
812
951
19
422
886
6
82
143
36
402
464
114
226
278
2
837
727
894
904
131
416
390
76
317
337
409
791
783
957
729
922
904
613
330
95
430
234
76
12
260
614
436
280
637
765
283
671
911
243
498
905
983
599
666
13
249
532
304
469
452
783
239
46
784
799
938
544
152
936
358
716
680
570
891
307
423
898
869
707
306
318
740
18
371
78
509
590
930
455
419
979
445
40
933
814
581
887
414
213
174
550
491
90
734
116
917
758
251
900
162
453
924
84
948
11
290
154
983
488
923
121
699
55
707
427
121
355
194
99
875
3
871
205
753
468
416
365
608
274
57
287
598
438
551
890
5
47
930
543
240
998
437
840
56
456
965
411
218
13
705
176
112
70
601
944
77
313
512
540
409
340
284
345
592
656
799
588
401
313
334
253
821
293
391
583
210
602
584
468
863
216
309
945
3
181
172
179
827
847
721
18
27
992
516
549
858
945
924
75
363
881
368
114
206
835
209
438
757
380
576
884
36
888
525
480
684
64
126
218
158
555
875
852
505
35
774
458
540
518
422
218
165
445
229
34
824
390
891
208
829
658
272
810
350
297
288
159
881
461
296
624
785
389
905
582
6
