967
618
441
683
331
377
576
705
883
187
737
555
159
471
262
276
60
636
908
813
302
544
312
486
926
691
540
945
772
402
523
128
575
405
272
673
287
12
100
839
188
336
601
927
172
889
344
730
469
243
84
538
508
455
648
595
751
192
611
77
83
475
958
338
59
486
361
764
224
516
716
103
247
142
102
144
476
841
37
53
764
386
443
576
63
686
523
872
848
366
176
158
106
195
221
830
436
413
146
547
944
785
660
505
911
908
483
166
512
361
247
413
455
936
291
640
230
553
466
715
19
356
892
251
302
835
700
742
322
427
520
989
700
300
576
873
518
510
589
321
4
888
441
453
362
821
301
434
138
310
637
5
536
864
929
780
265
287
912
49
587
713
66
142
457
241
761
268
959
157
259
639
391
982
580
547
934
699
533
787
460
850
676
642
508
110
956
945
568
671
930
856
454
960
818
618
583
609
174
0
649
702
475
263
482
870
500
766
157
877
603
772
821
0
98
939
828
865
983
783
515
243
326
690
257
492
644
439
377
560
738
303
977
226
585
663
624
868
406
827
9
948
31
973
705
419
719
405
111
427
66
210
69
764
127
877
722
260
919
398
235
199
22
915
503
804
442
853
197
781
33
619
1000
497
984
76
455
729
461
172
563
110
381
650
510
482
52
307
763
888
450
872
609
102
270
674
517
751
870
67
604
833
566
905
244
232
966
30
110
138
418
711
856
100
744
575
305
474
486
282
339
368
235
648
264
124
362
819
11
81
553
533
708
797
247
709
421
226
745
748
337
222
298
989
895
64
608
993
219
949
847
270
840
247
828
80
474
498
571
738
472
49
134
500
426
487
298
43
461
263
205
736
503
232
161
859
632
477
142
506
961
102
644
226
424
209
674
736
256
590
253
586
278
41
197
948
257
218
986
9
710
593
825
124
552
392
558
31
812
846
386
805
30
719
279
822
522
55
125
55
401
5
39
757
382
576
528
157
693
935
311
437
437
47
960
307
318
386
931
51
303
830
616
373
895
380
740
617
430
748
779
568
163
576
680
206
156
774
813
615
165
146
607
55
293
269
729
873
912
36
886
522
470
759
160
849
321
655
37
425
875
265
37
399
553
244
787
315
248
938
432
627
826
714
366
203
605
988
805
675
785
502
422
753
772
480
872
792
338
928
821
575
5
280
761
570
719
612
180
584
744
513
800
943
969
498
213
177
263
892
388
838
177
40
626
215
189
264
159
34
883
886
685
229
375
393
753
871
13
957
768
400
542
616
266
618
291
604
986
959
671
102
744
498
562
758
561
388
917
259
827
801
928
632
80
48
457
116
517
52
315
128
979
780
739
296
768
955
735
518
122
721
765
460
947
639
933
599
20
212
519
804
415
764
830
842
601
581
364
518
921
777
563
421
835
371
394
69
119
782
597
275
203
950
619
990
500
571
320
389
823
127
701
784
791
195
164
111
328
870
489
492
30
977
876
517
258
768
179
958
170
925
932
937
732
336
668
345
268
585
941
849
825
557
862
233
597
805
608
605
768
842
12
707
131
226
147
456
260
234
783
635
619
253
945
192
286
654
485
120
118
958
764
77
834
550
973
70
808
512
964
242
312
693
804
468
807
684
26
734
342
201
46
792
786
491
500
202
566
3
219
814
693
125
204
942
275
21
670
977
746
973
573
302
922
252
609
587
226
538
207
346
633
211
136
653
201
366
806
727
857
481
59
554
595
493
824
843
463
788
717
646
459
812
904
143
893
377
353
144
918
581
189
184
281
402
321
478
24
422
833
379
981
982
380
999
672
81
473
840
718
793
519
949
506
505
15
738
700
739
513
89
625
491
721
174
228
709
400
451
281
410
657
887
514
820
15
397
292
370
3
571
138
346
362
883
955
138
107
972
434
525
922
695
202
170
478
278
281
117
781
923
92
778
551
305
371
10
981
584
264
580
480
518
959
324
810
453
631
268
850
335
380
594
384
424
967
119
303
488
107
610
579
630
770
528
142
580
88
261
815
922
158
305
750
21
831
448
726
618
340
743
968
694
279
169
371
816
254
28
215
96
650
93
542
65
364
215
45
280
87
624
276
544
996
869
813
933
434
31
63
866
901
939
54
442
841
584
376
324
682
974
216
267
666
236
719
691
284
530
996
173
886
626
324
337
168
346
277
987
744
46
667
727
915
181
754
858
74
700
75
350
531
18
602
367
390
303
