50 50
0 0 43929 0 10544 35765 46526 74906 98859 71534 40963 40658 99035 52793 65499 0 62607 10445 87511 6025 65581 38108 54474 32687 14741 0 0 80360 0 0 59210 0 0 28811 84688 25762 58021 0 54428 0 0 88881 0 0 22309 0 81851 0 45079 12243
0 0 0 76973 0 69980 89473 34413 12300 0 0 0 44953 74866 17501 0 0 71845 94601 0 55026 67507 64701 0 12794 8596 0 0 90308 0 0 0 31214 0 1336 84619 0 0 55510 0 0 10083 8954 8427 38478 0 85227 53156 19578 0
0 0 0 0 79094 63408 59195 0 95900 0 70462 60185 0 0 79873 0 2769 32246 0 0 0 22713 0 0 0 58333 0 54730 43892 0 18540 90524 13273 48260 50934 0 45926 32963 0 0 48855 0 0 18982 0 0 27444 81592 60817 0
0 0 0 0 0 0 93446 4065 28816 80489 0 68253 11439 0 0 45332 32581 21754 0 93572 0 60015 88999 47702 41333 91947 34214 47823 61857 0 7359 94702 12370 44327 0 60938 40915 90324 0 88000 14975 0 97572 0 0 0 0 16086 49544 16420
0 0 0 0 0 0 0 0 57164 29138 45274 51497 58606 0 38901 41653 0 69202 87202 0 53751 0 81176 0 0 30784 60454 0 1599 41548 86408 82115 4378 98969 79290 0 2603 74526 32250 76531 77522 6305 93102 0 0 59913 0 82634 0 28180
0 0 0 0 0 0 0 0 0 8275 24002 80177 50907 0 0 0 88191 40490 0 41732 96274 24312 16121 79693 33615 0 77362 0 0 58581 44397 98559 58183 27584 27330 70638 52166 48309 0 0 72860 50680 25074 44057 0 19352 0 68701 0 2376
0 0 0 0 0 0 0 0 0 0 83476 0 77344 77593 39439 67184 88019 92294 70647 88216 82967 0 45754 44446 0 57261 0 21371 71269 60756 0 0 5021 80890 44735 0 59224 9453 91621 0 0 502 0 21061 0 0 70662 18978 0 68080
0 0 0 0 0 0 7204 0 0 0 0 23504 55222 0 0 48678 48307 24537 44375 65909 0 56647 37764 0 0 0 47672 11072 8972 66069 0 53991 10649 82982 0 42427 28403 20412 74713 28899 64518 0 51441 98965 41542 0 63796 99334 22732 56956
0 0 0 0 0 0 0 10050 93206 0 47516 85881 71205 0 0 76937 69907 29300 6443 48781 0 0 0 0 0 0 94819 0 0 28593 870 0 71314 50021 0 23833 67650 33445 56308 64418 5935 0 0 0 94330 82227 34747 12625 0 0
0 47443 0 0 0 0 0 0 99297 90276 24584 53849 92075 0 86305 16672 30149 0 79273 12239 62832 53346 0 29978 77744 3669 3067 0 7674 0 0 12753 25903 46806 0 28662 91879 95971 0 92087 0 0 0 0 0 32790 45241 0 14232 0
0 0 54852 54440 0 2733 61134 28283 69399 8786 0 0 35784 45985 14721 69362 84327 63977 26488 50298 75940 0 32832 16038 80515 52283 0 52412 57715 25176 0 1853 0 31859 0 21085 0 0 12018 62813 80426 0 61716 0 0 96201 0 85879 19441 89803
0 0 0 84022 30325 71133 82841 0 0 0 0 33959 63761 17865 79609 0 0 0 80818 0 69771 34431 77597 24894 0 0 31282 41986 25425 0 0 43124 85373 45204 0 85647 79356 53672 76731 48878 76751 10473 70613 62588 0 0 65988 29653 4606 72954
0 0 0 0 76408 0 82735 79910 0 77105 35810 77612 14435 49300 33090 5369 13275 43338 63763 71549 0 36312 0 3051 0 79623 51072 4424 0 51091 85699 0 51090 0 35752 0 15576 7386 0 0 0 0 0 0 21177 58956 87882 76191 35226 11131
0 0 0 0 0 219 21669 0 1264 0 0 38790 54832 17235 40017 58663 36413 0 8500 0 13838 86705 0 0 38584 0 85978 5657 0 0 0 49434 19914 0 0 40633 13094 49709 97466 49731 16823 0 93261 53873 52304 67171 50916 0 54795 75130
0 0 0 0 0 0 99183 48516 11299 0 0 48019 65575 70279 0 0 25203 12820 81934 42382 24918 42104 10114 0 60990 0 96532 0 56110 0 40961 0 0 48471 0 0 71388 65827 0 0 86273 25506 52881 0 0 88671 10395 55532 60858 20243
0 0 0 0 0 0 0 37287 51815 66848 61597 72105 51179 0 8183 32982 28763 44068 83691 53257 58639 0 70736 79138 0 6671 30705 37309 95296 90945 15707 49738 6099 0 20523 58313 92842 30730 0 0 14596 0 0 0 0 0 66359 14569 0 0
0 0 0 0 0 0 0 0 21517 0 80765 3890 0 99580 0 92262 12922 91941 35072 71363 0 0 70986 95672 0 94862 71806 97013 41253 73083 26489 72378 19625 8461 0 92502 0 0 30522 0 0 0 24040 0 0 68139 73566 0 81448 91417
0 0 0 0 0 0 0 0 0 0 2 43144 0 54430 35320 0 0 88019 86557 0 0 0 0 17783 0 550 90888 0 89457 0 92593 0 24631 60202 47041 523 0 21159 65200 82839 0 8195 0 79393 72866 90720 23261 83998 89569 48798
0 0 0 0 0 0 0 0 0 0 0 0 42716 69832 30447 0 76113 10590 0 74984 47973 19797 0 19987 6134 0 0 89856 37950 75188 7548 29037 0 0 0 80331 40457 82364 0 55852 0 31170 0 0 14949 52539 78463 80004 90256 0
0 0 0 0 0 0 0 0 0 0 0 0 0 52338 86968 0 47277 0 16532 76685 0 49399 11146 0 25302 31076 45765 3522 0 59587 0 36373 96487 53255 87169 27157 91271 0 19433 72759 50956 48159 75879 50265 60790 7665 28544 39370 39357 26122
0 0 0 0 0 0 0 0 0 0 0 0 0 0 14660 0 0 14721 20432 90329 82722 91526 99425 82863 0 36815 0 67043 55732 32429 38575 61853 40964 93190 64509 0 82450 70817 12272 77857 0 0 0 74313 32823 63040 0 91594 11645 69940
0 0 0 0 0 0 0 0 0 0 0 0 0 0 0 53001 65271 55728 37332 21035 0 33626 0 0 30352 79592 84078 49799 68343 28610 0 0 75193 94186 63790 83552 0 57093 76790 0 5458 82691 49425 10045 30936 0 62786 85949 0 0
0 0 0 0 0 0 0 0 0 0 0 0 0 0 0 0 41603 59613 30573 59694 83412 46023 56002 0 22970 0 15044 33773 25598 27494 56992 92842 0 73881 0 8359 67024 0 0 92212 69316 42725 86381 30476 61714 40451 57593 6241 83199 11281
0 0 0 0 0 0 0 0 0 0 0 0 0 0 0 0 0 94250 82445 0 42654 91272 0 21353 0 97627 17048 64392 0 13617 9672 0 0 48232 29942 35742 0 45461 0 9396 59060 0 0 27800 35335 0 78928 63571 77172 0
0 0 0 0 0 0 0 0 0 0 0 0 0 0 0 0 0 0 0 0 3869 12612 26275 0 55110 0 0 0 78168 48940 85537 0 0 0 1983 0 29920 0 0 7574 77433 0 73693 23222 0 38446 91367 0 0 0
0 0 0 0 0 0 0 0 0 0 0 0 0 0 0 0 0 0 0 0 0 0 0 98947 13038 74859 71777 48681 60211 0 75980 2662 68334 24682 45063 67994 99403 56038 0 0 71484 37926 92096 0 83200 76056 0 36513 96792 0
0 0 0 0 0 0 0 0 0 0 0 0 0 0 0 0 0 0 0 0 0 0 0 0 47474 0 34781 71185 0 0 18837 42995 77537 0 0 0 0 63148 82637 72767 75222 0 50313 0 0 48650 62314 82418 0 34498
0 0 0 0 0 0 0 0 0 0 0 0 0 0 0 0 0 0 0 0 0 0 0 0 0 54442 0 97145 16881 14527 0 20273 18108 11165 1066 83291 0 0 96557 64819 6457 17810 0 74583 37276 96241 48526 18918 0 33983
0 0 0 0 0 0 0 0 0 0 0 0 0 0 0 0 0 0 0 0 0 0 0 0 0 0 71317 61372 39165 82602 56706 84131 93426 0 0 65867 0 0 0 0 18753 30267 70303 77982 7932 0 43974 17022 32252 0
0 0 0 0 0 0 0 0 0 0 0 0 0 0 0 0 0 0 0 0 0 0 0 0 0 0 0 0 36653 29710 0 85651 0 17503 0 50102 63319 57527 12062 833 0 0 94430 0 46923 20851 66641 20519 78348 41243
0 0 0 0 0 0 0 0 0 0 0 0 0 0 0 0 0 0 0 0 0 0 0 0 0 0 0 0 0 10074 17868 77809 13618 0 26196 63743 0 0 0 23075 38957 74806 38772 92707 37147 0 62991 0 0 37322
0 0 0 0 0 0 0 0 0 0 0 0 0 97058 0 0 0 0 0 0 0 0 0 0 0 0 0 0 0 0 36331 0 0 2801 84385 28794 83041 1096 63299 60995 31101 55099 1457 0 17279 81262 16998 0 41179 0
0 0 0 0 0 0 0 0 0 0 0 0 85463 0 90999 13570 0 32742 0 36526 35187 76822 0 66369 2251 3655 69715 80814 0 33800 0 16009 61429 65279 39590 0 0 87629 63480 0 55213 80067 0 0 36537 63938 36427 81539 79764 0
0 0 0 0 0 0 0 0 0 0 0 0 0 0 0 0 95834 0 45881 41865 60273 62499 0 2259 0 21704 0 13710 24972 0 84529 37549 99448 0 45409 37280 0 16543 69430 91236 0 29215 0 95900 22449 88230 13518 0 82813 9732
0 0 0 0 0 0 0 0 0 0 0 0 0 0 0 0 0 0 77887 76534 12966 92208 7925 0 0 83938 16006 47286 0 16608 21821 67949 75425 22692 55625 52131 35597 37619 48076 96815 65587 42622 4990 23504 0 72607 0 0 0 15994
0 0 0 0 0 0 0 0 0 0 0 0 0 0 0 0 0 0 0 38057 0 55874 86942 60448 63368 6904 0 89751 20920 0 99743 18114 0 32559 5701 34322 22236 89640 13410 3647 0 0 67373 0 75501 6136 82156 2599 0 0
0 0 0 0 0 0 0 0 0 0 0 0 0 0 0 0 0 0 0 0 76047 44268 0 0 33374 0 25321 87744 3896 13087 17846 17528 3087 0 22182 26842 82756 0 0 62718 0 55220 32365 0 39410 0 95884 0 10010 62348
0 0 0 0 0 0 0 0 0 0 0 0 0 0 0 0 0 0 0 0 0 14050 65568 26568 4539 35285 71060 0 0 18908 34101 0 90943 42406 0 13421 0 22808 0 56815 0 66304 0 11472 0 0 77226 74998 0 46127
0 0 0 0 0 0 0 0 0 0 0 0 0 0 0 0 0 0 0 0 0 0 0 0 29692 74642 66194 12667 24012 65984 26907 91485 3195 56627 55475 87446 57285 46529 34970 40765 873 77195 0 0 80752 0 66280 0 67445 4054
0 0 0 0 0 0 0 0 0 0 0 0 0 0 0 0 0 0 0 0 0 0 0 0 0 87026 0 0 66795 93217 64289 50441 30417 58053 76659 0 0 47443 97712 73007 38399 89378 0 76465 0 19160 0 31994 71646 0
0 0 0 0 0 0 0 0 0 0 0 0 0 0 0 0 0 0 0 0 0 0 0 0 0 0 62605 29931 66873 29277 0 0 50723 0 0 18346 0 65961 39233 72124 69813 63137 23366 57823 42574 69588 55076 14065 4386 72761
0 0 0 0 0 0 0 0 0 0 0 0 0 0 0 0 0 0 0 0 0 0 0 0 0 0 0 6374 62343 75599 63054 72303 82562 0 0 23871 4131 85706 0 0 86599 0 62792 71926 20135 0 0 5473 68602 94502
0 0 0 0 0 0 0 0 0 0 0 0 0 0 0 0 0 0 0 0 0 0 0 0 0 0 0 0 63686 0 0 19891 0 54537 47034 71711 70412 7698 6343 57711 0 12685 3962 0 2216 11735 64482 34403 92396 76850
0 0 0 0 0 0 0 0 0 0 0 0 0 0 0 0 0 0 0 0 0 0 0 0 0 0 0 0 0 70213 57734 1322 0 0 73287 10691 0 0 0 53581 91767 86912 0 0 2463 48122 62790 30970 3255 80857
0 0 0 0 0 0 0 0 0 0 0 0 0 0 0 0 0 0 0 0 0 0 0 0 0 0 0 0 0 0 3849 54003 72294 0 69725 0 86614 78697 32657 63163 61396 94989 75462 10033 0 55982 71799 0 62242 0
0 0 0 0 0 0 0 0 0 0 0 0 0 0 0 0 0 0 0 0 0 0 0 0 0 0 0 0 0 0 0 45122 95514 17649 0 52586 39436 30105 57861 92609 0 0 71196 14492 0 42761 13717 35068 8415 0
0 0 0 0 0 0 0 0 0 0 0 0 0 0 0 0 0 0 0 0 0 0 0 0 0 0 0 0 0 0 0 0 75301 0 51813 21208 25452 62079 0 0 82802 0 0 0 95377 99778 56334 15765 59684 87347
0 0 0 0 0 0 0 0 0 0 0 0 0 24487 0 0 0 0 0 0 0 0 0 0 0 0 0 0 0 0 0 0 0 61073 62006 21129 36034 9685 84215 0 0 55266 23329 37098 93725 98532 0 0 35477 85786
0 0 0 0 0 0 0 0 0 0 0 0 0 0 0 47069 0 0 81286 20053 0 8279 0 48973 63860 26649 3135 77320 22349 19524 99512 0 0 0 67652 14785 7273 31018 0 86861 0 0 0 98931 47399 0 25437 38951 93442 24628
0 0 0 0 0 0 0 0 0 0 0 0 0 0 0 0 38997 404 0 73562 39646 97706 20778 12034 0 2317 0 0 93716 0 62613 89768 0 2280 75524 0 90735 91879 0 87434 4600 42462 0 57448 0 11999 54461 52006 30176 24235
