50 42
0 0 22642 57641 0 67638 57565 47805 55353 24066 46518 23978 75318 0 85439 1406 43436 1917 93627 0 0 36280 21276 18080 52598 63524 95265 82479 0 0 6328 74209 0 74371 60669 76319 0 0 19877 58076 0 48169
0 0 0 47260 16426 0 61560 0 0 93824 0 0 62412 0 95564 23445 24964 76649 9706 74217 18762 87321 37986 0 62981 27983 0 75655 16103 12896 54350 55690 78677 81573 69568 43750 5098 24903 67669 3189 0 25281
0 0 0 0 95808 55986 0 15606 1851 0 0 58086 46971 97445 0 67992 0 3732 26339 7825 0 5826 23399 50629 54995 26706 35538 58382 0 0 55151 0 19885 0 45192 27907 60005 29386 0 29981 57641 61985
0 0 0 0 0 94208 52151 0 71456 29211 0 0 98932 0 0 98351 57951 73671 26335 31768 69742 99560 0 0 65966 47381 50767 51971 0 56570 0 19334 1874 44644 0 0 56438 0 0 22919 36717 88178
0 0 0 0 0 0 69500 0 22817 53934 0 95281 0 0 47627 56969 13304 0 49168 0 89557 34031 0 0 36471 68480 0 78593 63106 0 0 79875 71783 36198 96716 30820 0 1130 91288 23379 36010 35044
0 0 0 0 0 0 0 60261 63955 76320 56635 0 0 0 62920 77446 45133 48870 15105 1820 0 96329 0 57572 53465 88026 37176 91785 14318 0 0 40873 6408 88617 43365 12663 60149 34166 84930 36629 0 41323
0 0 0 0 0 0 0 0 67705 7558 0 49877 41203 91561 80856 71359 0 0 0 56906 0 14701 73391 88246 0 59228 52554 0 6425 63514 23532 33897 52543 66465 82499 17724 27110 0 91706 9587 36428 0
0 0 0 0 0 0 0 0 0 81451 90746 72435 4283 0 0 24708 0 0 29266 0 94642 3571 0 81034 39165 0 2064 48170 41148 31042 76579 0 0 376 93468 87722 0 84158 97413 0 10779 0
0 0 0 0 0 0 0 0 0 0 0 72280 45005 84796 0 89848 0 34079 0 72416 0 2320 58145 52742 55871 17450 0 30471 30412 96625 0 0 67925 0 0 12900 0 0 88372 70787 0 7703
0 0 0 0 0 0 0 0 0 0 0 0 0 98979 0 13615 0 74927 0 85105 0 0 16968 0 64893 6587 44243 37691 47976 0 57042 65862 71338 72166 89773 97405 59250 0 68315 0 47517 6974
0 0 0 0 0 0 0 0 0 0 0 0 0 0 0 35904 0 0 0 27884 27581 57692 21138 0 4772 0 0 0 75853 65134 0 0 0 71467 38953 15381 0 0 73075 37946 21393 0
0 0 0 0 0 0 0 0 0 0 0 0 0 0 0 0 14591 26403 0 0 83118 83617 95559 87740 58622 0 98993 70803 0 83928 89999 85319 62136 69056 52250 34658 0 0 86284 48724 83198 0
0 0 0 0 0 0 0 0 0 0 0 0 0 0 0 0 0 90435 0 93975 68500 70078 0 17917 15003 0 0 81394 93318 75669 0 419 34090 63547 0 51582 70684 71301 28371 84282 0 0
0 0 0 0 0 0 0 0 0 0 0 0 0 0 0 0 0 0 25113 0 77893 20352 0 22144 0 35566 13214 18448 85628 0 26631 89236 0 80574 7871 20945 63225 20277 37013 9011 6638 0
0 0 0 0 0 0 0 0 0 0 0 0 0 0 0 0 0 0 0 98963 0 6572 0 7061 1807 0 54536 0 0 49079 0 45579 2580 0 26583 84124 0 0 95079 59746 36742 13038
0 0 0 0 0 0 0 0 0 0 0 0 0 0 0 0 0 0 0 0 32032 69319 67826 0 98373 0 0 0 0 0 27966 95903 12199 95367 0 84385 0 0 98512 0 64354 0
0 0 0 28742 0 0 0 0 0 0 0 0 0 0 0 0 0 0 0 0 0 0 14183 45644 68076 0 0 6145 0 53848 34928 40354 63968 36559 73880 20298 0 81310 12199 49378 40127 80169
0 0 0 0 72587 0 0 55741 0 0 0 0 0 0 76898 89567 0 6434 92783 61415 32319 92589 92267 0 0 0 0 40722 9708 0 79558 93196 34540 92144 42322 0 48081 33210 9838 41305 41095 97876
0 0 0 0 0 0 64076 98503 74297 0 0 56515 0 79306 60559 0 43710 35169 86919 0 2162 25435 2412 0 0 0 89311 6483 0 0 0 36327 98345 0 17042 90515 0 93498 41256 93297 0 64652
0 0 0 0 0 0 0 38693 78637 0 0 0 0 0 45150 0 68651 0 51964 16753 30689 64398 88184 56945 0 9271 20497 45449 42732 0 11120 16990 0 80845 0 28021 76615 79934 57344 82515 84274 0
0 0 0 0 0 0 0 0 0 54862 0 31270 11446 10464 31605 20003 0 52026 79972 68997 19399 94789 60568 0 0 24132 0 28552 15668 83794 67348 91805 0 87813 31993 85629 88736 74790 36569 30497 13063 0
0 0 0 0 0 0 0 0 0 0 58772 0 44435 26947 72189 94414 5025 0 18163 20333 31163 0 43267 82608 94502 49816 33169 11587 0 44428 7241 26756 77288 39395 0 0 91493 49872 0 0 93080 0
0 0 0 0 0 0 0 0 0 0 0 0 0 0 0 40967 0 0 85829 56654 0 0 28067 87769 14321 70469 0 60217 9624 84102 91471 0 39466 68530 0 65171 0 43313 68545 8321 0 0
0 0 0 0 0 0 0 0 0 0 0 0 0 0 0 0 32961 0 0 0 0 50454 0 0 22741 0 94729 0 94701 0 14240 0 24384 38685 9592 52057 47721 0 81199 91190 48477 14056
0 0 0 0 0 0 0 0 0 0 0 0 0 0 0 0 0 60829 98521 22452 19631 0 0 0 12985 85093 88386 75592 70224 0 94958 0 0 34979 15048 49396 0 71881 62351 0 0 61366
0 0 0 0 0 0 0 0 0 0 0 0 0 0 0 0 0 0 22376 0 46319 0 0 93515 22341 86981 80821 0 19157 13096 0 25810 0 0 0 29167 86999 86258 75803 0 13502 32218
0 0 0 0 0 0 0 0 0 0 0 0 0 0 0 0 0 0 0 94817 25040 29405 87898 0 7604 29032 66809 62185 0 89389 73660 0 79810 45755 0 28 0 0 0 0 77936 90203
0 0 0 0 0 0 0 0 0 0 0 0 0 0 0 0 0 0 0 0 0 0 6616 0 49963 0 29217 23053 96653 32309 37124 55205 40586 88602 7122 78407 54003 0 0 59041 74312 59209
0 0 0 0 0 0 0 0 0 0 0 0 0 0 0 0 0 0 0 0 0 0 0 0 0 0 97940 66386 26456 86930 42174 70139 82746 0 14897 0 0 57609 0 48056 16118 41339
0 0 0 0 0 0 0 0 0 0 0 0 0 0 0 0 0 0 0 0 0 0 0 0 0 0 0 91513 0 50569 40236 0 42939 16395 0 19916 27872 720 43562 74323 0 38136
0 0 0 0 0 0 0 0 0 0 0 0 0 0 0 0 0 0 0 0 0 0 0 0 0 0 0 0 88120 0 21229 0 48842 96036 67179 55679 51771 3373 87897 29001 64498 0
0 0 0 0 0 0 0 0 0 0 0 0 0 0 0 0 0 0 0 0 0 0 0 0 0 0 0 0 0 36824 0 33336 81239 0 27958 0 0 0 0 0 0 72188
0 0 0 0 0 0 0 22589 0 0 0 0 0 0 0 0 0 0 0 0 0 0 0 0 0 0 0 0 0 0 0 0 69253 34393 73448 0 16341 89937 94796 12191 76791 70406
0 0 0 0 0 0 0 0 61634 77119 0 0 47160 56561 5240 45241 87886 0 3453 0 47039 67859 0 66327 0 11225 42706 0 28351 0 93063 59099 0 0 95403 0 13385 4710 48218 21236 15953 0
0 0 0 0 0 0 0 0 0 45795 97854 57532 34848 0 0 0 4570 92715 56335 0 0 44740 46656 0 76262 62736 68695 75976 0 0 0 92847 91688 0 53515 0 96675 0 86581 3184 0 19053
0 0 0 0 0 0 0 0 0 0 57965 0 79426 0 13012 0 55988 27984 0 0 67729 13415 82086 0 12653 0 37533 84248 0 0 46811 0 8124 0 0 86062 12261 28338 62626 57314 0 65744
0 0 0 0 0 0 0 0 0 0 0 53976 0 55972 0 40629 25915 19611 49561 0 30593 9203 39943 83988 0 10193 10583 81880 0 0 55075 0 94686 0 7306 61316 87349 24492 0 58871 0 18134
0 0 0 0 0 0 0 0 0 0 0 0 0 0 80053 0 0 4915 47977 17003 21267 78116 15838 0 19798 0 27918 0 0 20539 0 44837 79662 13749 97672 0 4220 31770 28916 0 53992 1894
0 0 0 0 0 0 0 0 0 0 0 0 0 0 0 32723 0 95650 22000 0 51165 0 477 0 0 0 73310 0 78793 0 54850 31291 5429 16446 0 23333 68035 54263 56989 0 0 2317
0 0 0 0 0 0 0 0 0 0 0 0 0 0 0 0 0 44366 27578 80289 0 68026 4172 42678 0 45496 36951 10390 73545 88644 87136 0 76350 95547 40074 0 67289 92430 59114 0 56366 0
0 0 0 0 0 0 0 0 0 0 0 0 0 0 0 0 0 0 0 54604 0 0 83928 79442 41365 0 54351 0 37747 0 0 0 67585 41 76366 18608 74862 0 0 37315 14354 53097
0 0 0 0 0 0 0 0 0 0 0 0 0 0 0 0 0 0 0 0 0 0 99377 0 0 0 93605 0 21890 33565 0 36252 54817 14205 0 96359 0 0 6459 80493 48707 2010
0 0 0 0 0 0 0 0 0 0 0 0 0 0 0 0 0 0 0 0 0 0 0 54050 33855 53582 0 63055 0 44784 38024 51054 0 4440 0 98048 0 67234 0 0 0 0
0 0 0 0 0 0 0 0 0 0 0 0 0 0 0 0 0 0 0 0 0 97738 3601 0 0 0 62195 32878 0 82308 0 0 0 79936 0 98443 0 8664 96280 0 22926 0
0 0 0 0 0 0 0 0 0 0 0 0 0 0 0 0 0 0 0 0 0 0 14693 89453 24855 6826 0 90610 0 0 0 0 43109 0 94128 26771 84069 0 24517 2624 49332 39643
0 0 0 0 0 0 0 0 0 0 0 0 0 0 0 0 0 0 0 0 0 0 0 72975 83684 24374 13718 542 39479 58469 49277 20931 60597 0 0 3063 97617 0 31192 840 44934 0
0 0 0 0 0 0 0 0 0 0 0 0 0 0 0 0 0 0 0 0 0 0 0 0 0 57974 81423 66709 28572 42509 7201 0 23846 13 41772 85884 0 0 0 35662 36080 62841
0 0 0 0 0 0 0 0 0 0 0 0 0 0 0 0 0 0 0 0 0 0 0 0 0 0 0 78597 0 0 44059 82007 2015 0 0 68782 0 95256 258 49497 98992 57151
0 0 0 0 0 0 0 0 0 0 0 0 0 0 0 0 0 0 0 0 0 0 0 0 0 0 0 0 36648 0 0 0 0 14345 0 28462 0 88521 91479 51460 89112 46162
0 0 0 0 0 0 0 0 0 0 0 0 0 0 0 0 0 0 0 0 0 0 0 0 0 0 0 0 0 47688 0 72193 0 0 0 0 0 3790 23988 0 89216 0
