45 30
0 35451 86995 0 74464 21905 9156 0 0 0 0 34868 41109 9999 43375 0 57057 0 62355 0 0 58356 0 0 50349 43423 0 61722 70186 6258
0 0 74390 85535 60267 91890 81584 0 92740 42474 0 0 0 28263 870 50303 0 47644 0 58225 50968 71556 0 87420 0 34314 76640 4643 0 0
0 0 0 63268 97119 0 81493 20642 38676 0 41830 22818 11832 0 0 0 76579 45061 13753 51074 47449 84898 96904 24284 20957 99895 69112 0 68840 69272
0 0 0 0 68120 91746 87485 28627 0 85345 29137 0 0 70080 0 53779 0 15548 0 29688 7756 0 32310 0 72043 0 18140 66178 9103 5922
0 0 0 0 0 82576 0 46370 27672 42564 34758 4321 0 13712 0 98347 67994 0 39474 74169 0 25750 0 0 0 58325 46465 87075 18936 64099
0 0 0 0 0 0 95429 0 0 57289 58881 0 20166 0 93180 73616 98165 64251 0 56270 0 0 59511 61483 81062 52385 75824 12064 0 0
0 0 0 0 0 0 0 89754 0 0 0 0 96116 27551 14365 34436 15822 59912 0 84684 0 0 4012 0 30655 0 0 38547 80865 25523
0 0 0 0 0 0 0 0 0 0 0 48788 34877 0 0 0 0 0 67183 95747 0 85274 0 0 0 51600 13289 82081 0 91869
0 0 0 0 0 0 0 0 0 0 0 0 53087 0 92215 49325 0 3454 66320 0 64027 43351 45093 0 35998 48654 66559 23536 29972 34914
0 0 0 0 0 0 0 0 0 0 0 0 0 64735 73031 67567 22107 0 67578 0 0 79922 30514 4025 9168 44771 0 97043 35921 0
0 0 0 0 0 0 0 0 0 0 0 0 0 0 96942 0 0 52365 0 0 31613 88149 0 22723 36079 0 14215 37180 40467 0
0 0 0 0 0 0 0 0 0 0 0 0 0 0 0 0 0 0 68330 71602 13633 35473 49579 0 30356 0 88890 0 43669 0
0 0 0 0 0 0 0 0 0 0 0 0 0 0 0 0 0 0 0 0 9643 0 0 0 77208 0 70411 0 0 24091
0 0 0 0 0 0 0 0 0 0 0 0 0 0 0 0 0 0 0 0 0 83274 71837 60932 0 22346 44645 97389 0 24328
0 0 0 0 0 0 0 0 0 0 0 0 0 0 0 0 0 0 0 0 0 0 0 48710 0 62796 0 0 1781 0
0 0 0 0 0 0 0 0 0 0 0 0 0 0 0 0 0 0 0 0 0 0 0 0 11765 9201 0 61627 8599 0
0 0 0 0 0 0 0 0 0 0 0 0 0 0 0 0 0 0 0 0 0 0 0 0 0 65924 91274 46063 14322 90886
0 0 0 0 0 0 0 0 0 0 0 0 0 0 0 0 0 0 0 0 0 0 0 0 0 0 18334 0 90035 27339
0 0 0 0 0 0 0 0 0 0 0 0 0 0 0 0 0 0 0 0 0 0 0 0 0 0 0 65975 39972 70233
0 0 0 0 0 0 0 0 0 0 0 0 0 0 0 0 0 0 0 0 0 0 0 0 0 0 0 0 61103 64138
0 0 0 0 0 0 0 0 0 0 0 0 0 0 0 0 0 0 0 0 0 0 0 0 0 0 0 0 0 0
0 0 0 0 0 0 0 0 0 0 0 0 0 0 0 0 0 0 0 0 0 0 0 0 0 0 0 0 0 0
0 0 0 0 0 0 0 0 0 0 0 0 0 0 0 0 0 0 0 0 0 0 0 0 0 0 0 0 0 0
0 0 0 0 0 0 0 0 0 0 0 0 0 0 0 0 0 0 0 0 0 0 0 0 0 0 0 0 0 0
0 0 0 0 0 0 0 0 0 0 0 0 0 0 0 0 0 0 0 0 0 0 0 0 0 0 0 0 0 0
0 0 0 0 0 0 0 0 0 0 0 0 0 0 0 0 0 0 0 0 0 0 0 0 0 0 0 0 0 0
0 0 0 0 0 0 0 0 0 0 0 0 0 0 0 0 0 0 0 0 0 0 0 0 0 0 0 0 0 0
0 0 0 0 0 0 0 0 0 0 0 0 0 0 0 0 0 0 0 0 0 0 0 0 0 0 0 0 0 0
0 0 0 0 0 0 0 0 0 0 0 0 0 0 0 0 0 0 0 0 0 0 0 0 0 0 0 0 0 0
0 0 0 0 0 0 0 0 0 0 0 0 0 0 0 0 0 0 0 0 0 0 0 0 0 0 0 0 0 0
0 0 0 0 0 0 0 0 0 0 0 0 0 0 0 0 0 0 0 0 0 0 0 0 0 0 0 0 0 0
0 0 0 0 0 0 0 0 0 0 0 0 0 0 0 0 0 0 0 0 0 0 0 0 0 0 0 0 0 0
0 0 0 0 0 0 0 0 0 0 0 0 0 0 0 0 0 0 0 0 0 0 0 0 0 0 0 0 0 0
0 0 0 0 0 0 0 0 0 0 0 0 0 0 0 0 0 0 0 0 0 0 0 0 0 0 0 0 0 0
0 0 0 0 0 0 0 0 0 0 0 0 0 0 0 0 0 0 0 0 0 0 0 0 0 0 0 0 0 0
0 0 0 0 0 0 0 0 0 0 0 0 0 0 0 0 0 0 0 0 0 0 0 0 0 0 0 0 0 0
0 0 0 0 0 0 0 0 0 0 0 0 0 0 0 0 0 0 0 0 0 0 0 0 0 0 0 0 0 0
0 0 0 0 0 0 0 0 0 0 0 0 0 0 0 0 0 0 0 0 0 0 0 0 0 0 0 0 0 0
0 0 0 0 0 0 0 0 0 0 0 0 0 0 0 0 0 0 0 0 0 0 0 0 0 0 0 0 0 0
0 0 0 0 0 0 0 0 0 0 0 0 0 0 0 0 0 0 0 0 0 0 0 0 0 0 0 0 0 0
0 0 0 0 0 0 0 0 0 0 0 0 0 0 0 0 0 0 0 0 0 0 0 0 0 0 0 0 0 0
0 0 0 0 0 0 0 0 0 0 0 0 0 0 0 0 0 0 0 0 0 0 0 0 0 0 0 0 0 0
0 0 0 0 0 0 0 0 0 0 0 0 0 0 0 0 0 0 0 0 0 0 0 0 0 0 0 0 0 0
0 0 0 0 0 0 0 0 0 0 0 0 0 0 0 0 0 0 0 0 0 0 0 0 0 0 0 0 0 0
0 0 0 0 0 0 0 0 0 0 0 0 0 0 0 0 0 0 0 0 0 0 0 0 0 0 0 0 0 0
