45 50
0 0 1049 63831 0 34527 0 0 15711 58501 46722 27243 8586 0 0 80761 0 52489 0 73893 46441 55775 49429 98222 30830 0 56749 0 70554 0 48319 15653 0 12469 95997 0 41811 0 76790 0 19431 50152 0 48040 89196 0 0 54984 0 44558
0 0 0 2404 88283 70841 72198 74058 0 26140 62349 93471 89758 0 67847 0 0 89896 0 51033 55063 22196 61341 74280 0 0 2740 84699 84689 0 42170 0 6582 0 59874 80529 0 79715 0 22992 62437 86788 15942 0 0 67404 3288 73054 38955 19659
0 0 0 0 15396 0 52545 0 87218 17997 52573 84132 0 0 94284 75117 0 2490 76164 39769 85367 0 0 39295 42546 91572 0 26318 10369 1233 3515 18769 0 96552 18430 62260 23961 63833 0 72921 0 49339 96440 31011 20223 0 35577 0 0 88662
0 0 0 0 0 12679 0 0 0 57988 55199 0 47011 0 94761 8966 41284 24989 98377 20350 71082 0 60527 77875 4861 83457 7324 79836 37055 0 53946 1233 7095 58139 73326 19271 71309 8240 178 49452 0 0 50367 29303 0 0 55929 88300 0 0
0 0 0 0 0 0 0 0 40134 0 0 82756 0 76130 9793 38154 11003 30467 35976 0 0 62394 78275 56050 12394 88519 0 43817 0 0 0 58339 68625 89829 80766 77698 26344 0 43850 0 11327 745 0 0 45081 0 14228 0 75478 0
0 0 0 0 0 0 0 0 0 0 0 46187 2179 7550 0 0 0 0 81293 74506 32942 90068 0 0 19530 57056 90046 0 24054 85836 0 74109 0 9800 0 54187 96680 37244 0 43599 0 54919 7284 84505 0 99672 68733 99656 37829 7096
0 0 0 0 0 0 0 0 0 0 0 0 74470 79403 20879 82586 0 0 23520 47117 40123 16497 44515 15972 40423 0 66304 9738 23382 86699 0 0 0 30391 0 28272 17468 61404 41346 6886 64317 91578 0 94758 4769 41248 56441 18923 0 0
0 0 0 0 0 0 0 0 0 0 0 0 0 75576 0 0 0 72935 0 78674 58982 0 38896 53069 85708 76916 19253 457 0 13850 47378 66873 0 66549 0 0 0 0 35344 97266 0 24225 92357 72940 75307 53729 72879 55057 82869 6830
0 0 0 0 0 0 0 0 0 0 0 0 0 0 35759 0 23316 0 97936 1089 0 46121 74246 31991 0 0 15796 81470 17972 0 20809 0 12598 3267 9428 42514 0 26189 0 89110 87057 0 12714 27537 0 37195 56740 23483 0 0
0 0 0 0 0 0 0 0 0 0 0 0 0 0 0 11935 80040 63758 26014 7855 24356 0 21867 0 0 0 51613 0 92000 0 43777 80023 0 10357 64127 99632 97969 0 7269 94609 8549 64738 40824 38128 0 79896 0 75837 76833 93123
0 0 0 0 0 0 0 0 0 0 0 0 0 0 0 0 0 0 0 59283 54975 88857 39401 87309 8855 0 87670 52112 12637 70479 0 0 0 5019 56670 0 12552 38330 93450 38579 8177 0 87436 0 0 0 0 25663 0 13378
0 0 0 0 0 0 0 0 0 0 0 0 0 0 0 0 0 0 0 0 98904 26594 81770 49025 50013 7217 0 66187 77018 84627 70488 62440 0 0 0 6469 0 0 63832 0 28055 0 33960 2454 0 31651 89137 7356 54577 49025
0 0 0 0 0 0 0 0 0 0 0 0 0 0 0 0 0 0 0 0 0 97154 56367 81558 54340 38795 0 0 0 0 68730 46815 0 0 7668 80751 64148 34358 45818 0 44438 0 79798 0 41776 66725 12876 1391 717 47077
0 0 0 0 0 0 0 0 0 0 0 0 0 0 0 0 0 0 0 0 0 0 0 65838 0 34623 5763 0 74241 25603 0 66780 0 60691 15577 20076 77758 51602 36727 90846 56382 71329 54032 55013 0 68692 0 46154 64137 81217
0 0 0 0 0 0 0 0 0 0 0 0 0 0 0 0 0 0 0 0 0 0 0 0 0 0 20293 3680 91832 0 0 0 0 84097 0 0 82656 30552 0 75739 32358 81299 19673 0 19711 41038 89974 0 0 20103
0 0 0 0 0 0 0 0 0 0 0 0 0 0 0 0 0 0 0 0 0 0 0 0 0 0 0 0 0 0 67837 13160 0 79753 15840 0 79412 15651 14518 0 33330 56058 809 40251 36060 3861 56450 0 0 0
0 0 0 0 0 0 0 0 0 0 0 0 0 0 0 0 0 0 0 0 0 0 0 0 0 0 0 0 0 0 0 0 0 56980 0 2587 0 46706 9134 88618 94206 76379 0 0 36552 48407 93961 0 0 38110
0 0 0 0 0 0 0 0 0 0 0 0 0 0 0 0 0 0 0 0 0 0 0 0 0 0 0 0 0 0 0 0 0 0 0 75331 91903 27743 0 84944 0 89126 72469 20311 15138 22393 30172 47910 2237 61247
0 0 0 0 0 0 0 0 0 0 0 0 0 0 0 0 0 0 0 0 0 0 0 0 0 0 0 0 0 0 0 0 0 0 0 0 0 80615 79872 0 0 0 23578 77837 28308 0 17260 59850 0 90602
0 0 0 0 0 0 0 0 0 0 0 0 0 0 0 0 0 0 0 0 0 0 0 0 0 0 0 0 0 0 0 0 0 0 0 0 0 0 0 5297 0 93372 62819 27131 97875 79664 0 57614 72192 50488
0 0 0 0 0 0 0 0 0 0 0 0 0 0 0 0 0 0 0 0 0 0 0 0 0 0 0 0 0 0 0 0 0 0 0 0 0 0 0 0 43374 31682 0 0 50355 97644 89832 22734 93697 25518
0 0 0 0 0 0 0 0 0 0 0 0 0 0 0 0 0 0 0 0 0 0 0 0 0 0 0 0 0 0 0 0 0 0 0 0 0 0 0 0 0 29965 46653 52394 0 0 0 0 50817 55139
0 0 0 0 0 0 0 0 0 0 0 0 0 0 0 0 0 0 0 0 0 0 0 0 0 0 0 0 0 0 0 0 0 0 0 0 0 0 0 0 0 0 0 92397 37417 57844 31679 0 15432 79100
0 0 0 0 0 0 0 0 0 0 0 0 0 0 0 0 0 0 0 0 0 0 0 0 0 0 0 0 0 0 0 0 0 0 0 0 0 0 0 0 0 0 0 0 7368 0 0 0 10437 0
0 0 0 0 0 0 0 0 0 0 0 0 0 0 0 0 0 0 0 0 0 0 0 0 0 0 0 0 0 0 0 0 0 0 0 0 0 0 0 0 0 0 0 0 0 0 0 0 88098 0
0 0 0 0 0 0 0 0 0 0 0 0 0 0 0 0 0 0 0 0 0 0 0 0 0 0 0 0 0 0 0 0 0 0 0 0 0 0 0 0 0 0 0 0 0 0 0 0 0 55256
0 0 0 0 0 0 0 0 0 0 0 0 0 0 0 0 0 0 0 0 0 0 0 0 0 0 0 0 0 0 0 0 0 0 0 0 0 0 0 0 0 0 0 0 0 0 0 0 0 0
0 0 0 0 0 0 0 0 0 0 0 0 0 0 0 0 0 0 0 0 0 0 0 0 0 0 0 0 0 0 0 0 0 0 0 0 0 0 0 0 0 0 0 0 0 0 0 0 0 0
0 0 0 0 0 0 0 0 0 0 0 0 0 0 0 0 0 0 0 0 0 0 0 0 0 0 0 0 0 0 0 0 0 0 0 0 0 0 0 0 0 0 0 0 0 0 0 0 0 0
0 0 0 0 0 0 0 0 0 0 0 0 0 0 0 0 0 0 0 0 0 0 0 0 0 0 0 0 0 0 0 0 0 0 0 0 0 0 0 0 0 0 0 0 0 0 0 0 0 0
0 0 0 0 0 0 0 0 0 0 0 0 0 0 0 0 0 0 0 0 0 0 0 0 0 0 0 0 0 0 0 0 0 0 0 0 0 0 0 0 0 0 0 0 0 0 0 0 0 0
0 0 0 0 0 0 0 0 0 0 0 0 0 0 0 0 0 0 0 0 0 0 0 0 0 0 0 0 0 0 0 0 0 0 0 0 0 0 0 0 0 0 0 0 0 0 0 0 0 0
0 0 0 0 0 0 0 0 0 0 0 0 0 0 0 0 0 0 0 0 0 0 0 0 0 0 0 0 0 0 0 0 0 0 0 0 0 0 0 0 0 0 0 0 0 0 0 0 0 0
0 0 0 0 0 0 0 0 0 0 0 0 0 0 0 0 0 0 0 0 0 0 0 0 0 0 0 0 0 0 0 0 0 0 0 0 0 0 0 0 0 0 0 0 0 0 0 0 0 0
0 0 0 0 0 0 0 0 0 0 0 0 0 0 0 0 0 0 0 0 0 0 0 0 0 0 0 0 0 0 0 0 0 0 0 0 0 0 0 0 0 0 0 0 0 0 0 0 0 0
0 0 0 0 0 0 0 0 0 0 0 0 0 0 0 0 0 0 0 0 0 0 0 0 0 0 0 0 0 0 0 0 0 0 0 0 0 0 0 0 0 0 0 0 0 0 0 0 0 0
0 0 0 0 0 0 0 0 0 0 0 0 0 0 0 0 0 0 0 0 0 0 0 0 0 0 0 0 0 0 0 0 0 0 0 0 0 0 0 0 0 0 0 0 0 0 0 0 0 0
0 0 0 0 0 0 0 0 0 0 0 0 0 0 0 0 0 0 0 0 0 0 0 0 0 0 0 0 0 0 0 0 0 0 0 0 0 0 0 0 0 0 0 0 0 0 0 0 0 0
0 0 0 0 0 0 0 0 0 0 0 0 0 0 0 0 0 0 0 0 0 0 0 0 0 0 0 0 0 0 0 0 0 0 0 0 0 0 0 0 0 0 0 0 0 0 0 0 0 0
0 0 0 0 0 0 0 0 0 0 0 0 0 0 0 0 0 0 0 0 0 0 0 0 0 0 0 0 0 0 0 0 0 0 0 0 0 0 0 0 0 0 0 0 0 0 0 0 0 0
0 0 0 0 0 0 0 0 0 0 0 0 0 0 0 0 0 0 0 0 0 0 0 0 0 0 0 0 0 0 0 0 0 0 0 0 0 0 0 0 0 0 0 0 0 0 0 0 0 0
0 0 0 0 0 0 0 0 0 0 0 0 0 0 0 0 0 0 0 0 0 0 0 0 0 0 0 0 0 0 0 0 0 0 0 0 0 0 0 0 0 0 0 0 0 0 0 0 0 0
0 0 0 0 0 0 0 0 0 0 0 0 0 0 0 0 0 0 0 0 0 0 0 0 0 0 0 0 0 0 0 0 0 0 0 0 0 0 0 0 0 0 0 0 0 0 0 0 0 0
0 0 0 0 0 0 0 0 0 0 0 0 0 0 0 0 0 0 0 0 0 0 0 0 0 0 0 0 0 0 0 0 0 0 0 0 0 0 0 0 0 0 0 0 0 0 0 0 0 0
0 0 0 0 0 0 0 0 0 0 0 0 0 0 0 0 0 0 0 0 0 0 0 0 0 0 0 0 0 0 0 0 0 0 0 0 0 0 0 0 0 0 0 0 0 0 0 0 0 0
