100
1 2 0
1 3 0
2 4 0
2 5 0
5 6 0
4 7 0
7 8 0
7 9 0
8 10 0
9 11 0
5 12 0
12 13 0
6 14 0
14 15 0
15 16 0
15 17 0
12 18 0
18 19 1
11 20 0
11 21 0
21 22 0
19 23 0
15 24 0
17 25 1
25 26 0
11 27 1
5 28 0
25 29 1
1 30 0
3 31 0
31 32 0
4 33 0
30 34 0
24 35 0
35 36 0
35 37 0
1 38 0
38 39 0
6 40 0
27 41 0
20 42 0
23 43 0
25 44 1
33 45 0
40 46 0
17 47 0
10 48 0
20 49 0
17 50 1
19 51 0
40 52 1
48 53 1
53 54 0
52 55 0
46 56 0
34 57 1
26 58 0
13 59 0
24 60 0
60 61 0
61 62 1
52 63 0
54 64 0
54 65 0
47 66 0
66 67 0
7 68 0
68 69 0
23 70 0
46 71 0
17 72 1
61 73 0
73 74 0
41 75 1
75 76 1
33 77 1
72 78 1
16 79 0
79 80 0
44 81 0
67 82 1
48 83 0
47 84 1
84 85 0
85 86 0
41 87 0
5 88 0
25 89 0
21 90 0
63 91 0
91 92 1
12 93 0
57 94 1
28 95 0
1 96 0
86 97 0
61 98 0
49 99 0
64 100 0
