45 49
59397 80905 83189 0 71544 9294 34009 42302 3170 0 25975 77780 33081 18620 91337 71114 85030 70625 30196 40039 0 72099 13373 0 77841 92329 0 71654 35773 65218 79409 89524 0 39727 0 67360 0 92031 98522 55599 84121 0 0 28437 0 94527 0 0 5964
0 67149 114 0 25676 0 26905 11715 0 41622 92844 0 51559 1622 1849 48721 0 87441 97631 83814 35025 73998 35094 0 85746 33964 70988 27377 11747 4876 53407 51956 8966 31491 7068 71855 7040 0 39173 49471 0 51278 64042 0 42297 0 74244 94431 38476
0 0 78314 87658 57523 17086 84821 13666 96903 0 99660 56514 89291 88152 68059 0 12652 45511 39376 4823 0 61675 89064 0 49289 0 50721 91625 0 5019 0 0 89638 4928 87711 0 76768 29711 98301 3864 87219 26341 0 40347 56677 94975 0 96063 50065
0 0 0 0 0 90968 20829 29720 0 17321 32922 31900 0 19407 0 0 13706 3960 20920 0 0 52235 17433 72045 0 74866 94684 0 79141 0 0 95549 68970 0 0 0 30034 8177 0 54457 33644 81131 8482 0 81044 0 13133 0 48101
0 0 0 0 0 0 71922 90626 0 0 0 1981 18374 2712 72813 42903 76105 0 77836 80068 16148 0 0 0 94423 86063 0 66644 89070 0 0 36753 0 0 76592 31213 73797 55872 64630 32313 61215 12665 0 0 80053 72518 86395 26370 79982
0 0 0 0 0 0 0 0 80655 0 45873 32451 10648 0 52620 0 0 71043 67179 38176 13642 0 0 0 0 73168 44989 0 46759 0 0 91340 44378 87922 0 2043 0 0 84687 85822 13281 58965 9219 0 36849 25553 85044 29172 31478
0 0 0 0 0 0 0 0 0 0 0 7856 0 0 7837 26126 63283 10338 90504 48800 0 75902 5237 29304 58855 75834 19724 0 0 0 3 851 25452 0 60324 0 86792 54546 0 84154 0 91628 25357 79617 1662 91792 0 0 0
0 0 0 0 0 0 0 0 0 0 0 0 87169 1149 0 0 0 0 54163 89099 0 0 99962 34881 81420 0 92947 81 0 33955 67144 24525 0 83999 97471 0 0 82978 24381 0 84018 14095 39937 0 0 60192 71771 2821 0
0 0 0 0 0 0 0 0 0 0 0 0 0 35815 34612 22354 25567 40791 12604 0 0 43458 75388 45612 0 91962 0 0 0 86189 0 62867 0 74783 71637 93549 0 13310 29563 49921 11571 0 0 2184 19164 44963 0 78389 91151
0 0 0 0 0 0 0 0 0 0 0 0 0 0 0 0 10757 78683 89865 93484 87104 92754 72673 25410 59703 0 93130 0 4075 0 52294 15449 76343 0 11352 71912 0 38428 70481 71413 0 94895 3872 97828 110 0 46923 4572 95050
0 0 0 0 0 0 0 0 0 0 0 0 0 0 0 0 0 80766 0 0 53792 76731 59425 57653 30911 15943 0 73597 0 92581 0 0 60938 0 54268 73925 90607 84615 32572 57012 30596 74006 0 0 11861 85958 0 0 0
0 0 0 0 0 0 0 0 0 0 0 0 0 0 0 0 0 0 66734 0 85300 70589 7979 70320 45621 32315 0 60137 0 0 28017 0 69449 42048 0 92010 18708 60824 91590 55251 0 30264 0 2561 72966 46012 0 40054 0
0 0 0 0 0 0 0 0 0 0 0 0 0 0 0 0 0 0 0 79528 34857 60411 0 0 52117 80134 71595 86152 91277 52304 0 85935 0 40962 1405 86955 0 0 49113 0 89127 74072 47770 0 0 27127 0 10380 10232
0 0 0 0 0 0 0 0 0 0 0 0 0 0 0 0 0 0 0 0 54462 35797 92010 71664 0 0 13116 36622 91402 0 0 41182 69380 67408 85572 0 0 0 73349 22324 94074 1341 81968 0 71715 55288 0 11982 78988
0 0 0 0 0 0 0 0 0 0 0 0 0 0 0 0 0 0 0 0 0 0 14102 21846 0 38055 19759 0 0 0 39992 92321 47682 38055 33405 87483 38891 97307 0 28973 40541 79475 88570 0 47106 38338 54628 88899 852
0 0 0 0 0 0 0 0 0 0 0 0 0 0 0 0 0 0 0 0 0 0 0 0 22967 0 22754 31105 81041 81298 6741 99012 34402 0 0 30188 27061 0 76170 0 0 0 50265 0 76792 0 0 0 8479
0 0 0 0 0 0 0 0 0 0 0 0 0 0 0 0 0 0 0 0 0 0 0 0 0 11280 15243 50940 95596 0 11898 86085 72982 0 99050 0 0 84986 27473 51820 62847 68652 77975 28772 20075 0 34240 5578 24176
0 0 0 0 0 0 0 0 0 0 0 0 0 0 0 0 0 0 0 0 0 0 0 0 0 0 82674 41406 0 0 86966 78188 69280 0 0 76332 95626 47512 35637 0 0 51485 19559 93899 71378 35714 0 53238 0
0 0 0 0 0 0 0 0 0 0 0 0 0 0 0 0 0 0 0 0 0 0 0 0 0 0 0 34953 0 17977 77856 87571 47435 80510 89517 0 41610 0 11862 0 21239 26211 5131 0 49997 60861 65716 12010 0
0 0 0 0 0 0 0 0 0 0 0 0 0 0 0 0 0 0 0 0 0 0 0 0 0 0 0 0 0 0 98811 41152 0 1005 0 65786 26297 71821 0 0 0 22121 80164 17112 0 2603 36218 0 0
0 0 0 0 0 0 0 0 0 0 0 0 0 0 0 0 0 0 0 0 0 0 0 0 0 0 0 0 0 0 0 61164 73436 50281 64199 47257 48409 0 39190 46442 12337 35125 25336 9920 17964 22295 0 0 5864
0 0 0 0 0 0 0 0 0 0 0 0 0 0 0 0 0 0 0 0 0 0 0 0 0 0 0 0 0 0 0 0 61574 47961 0 13658 0 68006 0 59143 0 54178 19967 72230 54171 0 44383 93909 79503
0 0 0 0 0 0 0 0 0 0 0 0 0 0 0 0 0 0 0 0 0 0 0 0 0 0 0 0 0 0 0 0 0 0 48862 90183 0 0 75997 79238 0 0 0 90057 51180 0 35187 38778 22778
0 0 0 0 0 0 0 0 0 0 0 0 0 0 0 0 0 0 0 0 0 0 0 0 0 0 0 0 0 0 0 0 0 0 0 9364 7650 19286 17476 95603 3262 47786 0 93120 23477 35798 13715 0 0
0 0 0 0 0 0 0 0 0 0 0 0 0 0 0 0 0 0 0 0 0 0 0 0 0 0 0 0 0 0 0 0 0 0 0 0 86111 0 61534 0 47306 20852 87186 54444 0 9746 0 75073 99005
0 0 0 0 0 0 0 0 0 0 0 0 0 0 0 0 0 0 0 0 0 0 0 0 0 0 0 0 0 0 0 0 0 0 0 0 0 0 58807 0 78060 34465 58129 15147 87298 0 64595 0 46487
0 0 0 0 0 0 0 0 0 0 0 0 0 0 0 0 0 0 0 0 0 0 0 0 0 0 0 0 0 0 0 0 0 0 0 0 0 0 0 0 46621 42533 94464 0 0 36858 88963 0 29169
0 0 0 0 0 0 0 0 0 0 0 0 0 0 0 0 0 0 0 0 0 0 0 0 0 0 0 0 0 0 0 0 0 0 0 0 0 0 0 0 0 48424 6642 0 47271 54614 14635 0 16093
0 0 0 0 0 0 0 0 0 0 0 0 0 0 0 0 0 0 0 0 0 0 0 0 0 0 0 0 0 0 0 0 0 0 0 0 0 0 0 0 0 0 78574 31950 83642 0 31122 16521 0
0 0 0 0 0 0 0 0 0 0 0 0 0 0 0 0 0 0 0 0 0 0 0 0 0 0 0 0 0 0 0 0 0 0 0 0 0 0 0 0 0 0 0 0 88024 0 0 68446 0
0 0 0 0 0 0 0 0 0 0 0 0 0 0 0 0 0 0 0 0 0 0 0 0 0 0 0 0 0 0 0 0 0 0 0 0 0 0 0 0 0 0 0 0 0 24836 0 38913 0
0 0 0 0 0 0 0 0 0 0 0 0 0 0 0 0 0 0 0 0 0 0 0 0 0 0 0 0 0 0 0 0 0 0 0 0 0 0 0 0 0 0 0 0 0 0 32804 62970 0
0 0 0 0 0 0 0 0 0 0 0 0 0 0 0 0 0 0 0 0 0 0 0 0 0 0 0 0 0 0 0 0 0 0 0 0 0 0 0 0 0 0 0 0 0 0 0 0 92475
0 0 0 0 0 0 0 0 0 0 0 0 0 0 0 0 0 0 0 0 0 0 0 0 0 0 0 0 0 0 0 0 0 0 0 0 0 0 0 0 0 0 0 0 0 0 0 0 0
0 0 0 0 0 0 0 0 0 0 0 0 0 0 0 0 0 0 0 0 0 0 0 0 0 0 0 0 0 0 0 0 0 0 0 0 0 0 0 0 0 0 0 0 0 0 0 0 0
0 0 0 0 0 0 0 0 0 0 0 0 0 0 0 0 0 0 0 0 0 0 0 0 0 0 0 0 0 0 0 0 0 0 0 0 0 0 0 0 0 0 0 0 0 0 0 0 0
0 0 0 0 0 0 0 0 0 0 0 0 0 0 0 0 0 0 0 0 0 0 0 0 0 0 0 0 0 0 0 0 0 0 0 0 0 0 0 0 0 0 0 0 0 0 0 0 0
0 0 0 0 0 0 0 0 0 0 0 0 0 0 0 0 0 0 0 0 0 0 0 0 0 0 0 0 0 0 0 0 0 0 0 0 0 0 0 0 0 0 0 0 0 0 0 0 0
0 0 0 0 0 0 0 0 0 0 0 0 0 0 0 0 0 0 0 0 0 0 0 0 0 0 0 0 0 0 0 0 0 0 0 0 0 0 0 0 0 0 0 0 0 0 0 0 0
0 0 0 0 0 0 0 0 0 0 0 0 0 0 0 0 0 0 0 0 0 0 0 0 0 0 0 0 0 0 0 0 0 0 0 0 0 0 0 0 0 0 0 0 0 0 0 0 0
0 0 0 0 0 0 0 0 0 0 0 0 0 0 0 0 0 0 0 0 0 0 0 0 0 0 0 0 0 0 0 0 0 0 0 0 0 0 0 0 0 0 0 0 0 0 0 0 0
0 0 0 0 0 0 0 0 0 0 0 0 0 0 0 0 0 0 0 0 0 0 0 0 0 0 0 0 0 0 0 0 0 0 0 0 0 0 0 0 0 0 0 0 0 0 0 0 0
0 0 0 0 0 0 0 0 0 0 0 0 0 0 0 0 0 0 0 0 0 0 0 0 0 0 0 0 0 0 0 0 0 0 0 0 0 0 0 0 0 0 0 0 0 0 0 0 0
0 0 0 0 0 0 0 0 0 0 0 0 0 0 0 0 0 0 0 0 0 0 0 0 0 0 0 0 0 0 0 0 0 0 0 0 0 0 0 0 0 0 0 0 0 0 0 0 0
0 0 0 0 0 0 0 0 0 0 0 0 0 0 0 0 0 0 0 0 0 0 0 0 0 0 0 0 0 0 0 0 0 0 0 0 0 0 0 0 0 0 0 0 0 0 0 0 0
