10 1000
0 5
0 5
0 6
0 6
0 6
0 7
0 7
0 7
0 8
1 6
1 7
1 8
2 5
2 5
2 5
2 7
2 8
2 8
2 8
3 5
3 5
3 5
3 5
3 6
3 6
3 7
3 9
3 9
3 9
3 9
4 5
4 6
4 7
4 8
4 9
4 9
5 6
5 7
5 7
5 7
5 8
5 8
5 8
5 9
6 6
6 6
6 6
6 7
6 7
6 7
6 8
6 8
7 5
7 5
7 6
7 7
7 7
7 7
7 8
8 5
8 5
8 6
8 6
8 6
8 9
9 7
9 8
9 8
9 8
9 8
9 8
9 9
10 5
10 5
10 5
10 7
10 7
10 7
10 8
10 9
10 9
11 5
11 5
11 5
11 5
12 5
12 6
12 6
12 8
12 8
12 8
12 8
13 5
13 5
13 6
13 6
13 6
13 7
13 7
13 7
13 9
14 5
14 6
14 6
14 7
14 8
15 6
15 7
15 8
15 8
16 6
16 7
16 8
16 8
16 9
16 9
17 5
17 5
17 5
17 5
17 6
17 6
17 7
17 8
17 8
17 9
18 5
18 5
18 7
18 7
18 7
18 7
18 8
18 8
18 9
18 9
19 5
19 6
19 9
19 9
20 5
20 5
20 6
20 7
20 7
20 7
20 8
20 9
20 9
21 5
21 5
21 7
21 7
21 8
21 9
21 9
22 5
22 5
22 6
22 6
22 9
22 9
22 9
22 9
23 5
23 5
23 6
23 6
23 7
23 8
23 8
23 8
23 9
24 5
24 7
24 7
24 8
24 8
24 8
24 8
24 9
25 6
25 8
25 8
25 9
26 5
26 7
26 7
26 7
26 9
26 9
26 9
27 5
27 5
27 7
27 7
27 7
27 8
27 8
27 8
28 5
29 7
29 7
29 7
29 9
30 5
30 6
31 6
31 7
31 7
31 7
31 8
31 8
31 9
31 9
32 5
32 5
32 6
32 8
32 8
32 8
32 9
33 6
33 7
33 7
33 7
33 7
33 8
33 9
34 6
34 7
34 7
34 8
34 8
34 9
35 5
35 6
35 6
35 7
35 7
35 8
35 8
35 8
36 5
36 6
36 6
36 6
36 6
36 7
36 7
36 7
36 8
36 8
36 9
37 6
37 6
37 6
37 7
37 7
38 5
38 6
38 6
38 9
38 9
38 9
39 8
40 5
40 6
40 7
40 7
40 8
40 9
41 6
41 7
41 7
41 7
41 8
41 8
41 8
42 7
42 9
42 9
42 9
43 5
43 5
43 6
43 6
43 6
43 7
43 7
43 7
43 8
43 8
43 9
44 6
44 7
44 7
44 8
44 9
45 6
45 7
45 7
46 5
46 5
46 6
46 6
46 7
46 7
46 7
46 7
46 8
46 8
46 8
46 9
47 5
47 5
47 5
47 6
47 6
47 7
47 8
48 6
48 7
48 7
48 9
49 5
49 5
49 5
49 7
49 7
49 7
49 7
49 8
49 8
49 8
49 8
49 9
50 6
50 6
50 6
50 9
50 9
51 5
51 5
51 5
51 6
51 7
51 7
51 8
51 8
51 9
52 5
52 7
52 7
52 8
52 9
52 9
52 9
53 5
53 5
53 6
53 6
53 8
53 9
53 9
53 9
53 9
53 9
54 6
54 7
54 7
54 8
54 8
54 9
55 5
55 6
55 6
55 7
55 8
55 9
56 6
56 6
56 6
56 9
57 7
57 7
57 7
57 7
57 7
57 8
57 9
58 5
58 5
58 6
58 6
58 7
58 8
58 8
58 8
58 9
58 9
59 6
59 7
59 7
59 8
59 9
60 5
60 5
60 6
60 7
60 7
61 5
61 6
61 9
61 9
61 9
62 5
62 5
62 6
62 6
62 6
62 8
62 9
62 9
63 9
64 5
64 5
64 5
64 6
64 6
64 7
64 7
64 8
65 7
65 7
65 7
65 8
65 9
66 5
66 5
66 6
66 6
66 7
66 8
66 8
66 9
66 9
66 9
67 5
67 5
67 5
67 6
67 7
67 7
67 7
67 7
68 6
68 7
68 8
68 8
68 9
68 9
68 9
68 9
69 5
69 6
69 6
69 6
69 9
69 9
69 9
70 5
70 6
70 6
70 7
70 8
70 8
70 9
71 5
71 6
71 7
71 9
71 9
72 5
72 6
72 6
72 7
72 7
72 7
72 9
73 5
73 7
73 8
73 8
73 8
73 9
74 7
74 8
74 8
74 9
75 5
75 5
75 6
75 8
75 9
76 6
76 6
76 6
76 8
76 9
77 5
77 5
77 6
77 7
77 8
78 6
78 6
78 6
78 7
78 8
78 9
78 9
79 6
79 7
79 8
80 5
80 6
80 7
80 7
80 7
80 7
80 8
81 5
81 6
81 6
81 6
81 7
81 7
81 7
81 7
81 8
81 8
81 8
82 6
82 6
82 6
82 7
82 7
82 8
83 5
83 5
83 6
83 6
83 8
83 8
83 9
83 9
84 5
84 6
84 6
84 7
84 7
84 8
84 9
84 9
85 5
85 7
85 7
85 7
85 7
85 8
85 9
86 5
86 5
86 6
86 6
86 8
86 9
86 9
87 5
87 6
87 6
87 7
87 8
88 5
88 5
88 5
88 6
88 7
88 8
88 8
89 7
89 7
90 5
90 5
90 6
90 7
90 7
90 8
90 9
91 5
91 5
91 5
91 6
91 6
91 6
91 7
91 7
91 7
91 9
91 9
91 9
92 6
92 6
92 7
92 9
93 5
93 5
93 5
93 5
93 7
93 8
93 9
93 9
93 9
93 9
94 5
94 5
94 6
94 7
94 7
94 8
94 8
94 8
94 9
94 9
94 9
95 5
95 5
95 6
95 7
95 7
95 8
95 8
95 9
96 5
96 5
96 6
96 7
96 7
96 7
96 8
96 9
97 5
97 5
97 6
97 7
97 8
97 8
98 5
98 7
98 8
98 8
99 5
99 6
99 7
99 7
100 5
100 5
100 5
100 6
100 9
101 7
101 8
101 9
102 6
102 6
102 7
103 5
103 5
103 5
103 5
103 6
103 7
103 7
103 8
103 9
103 9
104 5
104 5
104 6
104 6
104 6
104 8
104 8
104 9
105 5
105 7
105 9
105 9
106 5
106 5
106 7
106 7
106 8
106 8
106 8
106 9
106 9
106 9
107 7
107 7
107 8
108 5
108 5
108 5
108 5
108 6
108 7
108 7
108 7
108 8
108 8
108 8
108 9
108 9
109 5
109 6
109 7
109 8
109 9
110 5
110 6
110 7
110 7
110 8
110 9
110 9
111 5
111 5
111 7
111 8
111 8
112 5
112 6
112 7
112 7
112 7
112 7
112 8
112 8
112 9
113 5
113 7
113 7
113 9
114 5
114 5
114 5
114 5
114 5
114 5
114 5
114 6
114 6
114 7
114 8
114 9
115 5
115 5
115 6
115 6
115 6
115 7
115 7
115 8
115 8
116 8
116 8
116 9
117 5
117 5
117 7
117 7
117 8
117 9
117 9
118 7
118 9
119 5
119 5
119 6
119 6
119 7
119 7
119 9
119 9
120 5
120 6
120 6
120 7
120 7
120 9
120 9
120 9
121 6
121 7
121 7
121 9
121 9
122 5
122 7
122 8
122 8
122 8
122 9
123 7
123 7
124 5
124 6
124 6
124 7
124 8
124 8
124 8
124 9
124 9
124 9
125 6
125 7
125 7
125 7
125 8
125 9
125 9
126 5
126 6
126 7
126 7
126 8
126 8
126 8
126 9
126 9
127 5
127 5
127 5
127 6
127 6
127 8
127 8
128 5
128 6
128 7
128 8
128 8
128 8
129 6
129 6
129 6
129 6
129 7
129 8
129 8
129 9
129 9
130 5
130 5
130 6
130 7
130 7
130 7
130 8
130 8
130 8
130 9
131 5
131 5
131 5
131 6
131 6
131 6
131 7
131 7
131 7
131 8
131 9
131 9
132 5
132 5
132 6
132 7
132 7
132 9
133 5
133 7
133 8
133 8
133 8
133 9
133 9
134 5
134 6
134 6
134 7
134 7
134 8
135 6
135 8
135 9
136 5
136 5
136 6
136 7
136 8
137 5
137 6
137 6
137 6
137 7
137 8
137 9
138 5
138 5
138 6
138 6
138 6
138 6
138 7
138 8
139 5
139 6
139 6
139 6
139 7
140 5
140 6
140 6
140 6
140 7
140 8
141 6
141 8
141 9
142 5
142 5
142 6
142 8
142 8
142 8
142 8
143 5
143 7
143 7
143 8
143 8
144 5
144 6
144 6
144 6
144 7
144 7
144 7
144 8
144 8
144 8
144 9
145 5
145 6
145 7
145 7
145 7
145 8
145 9
146 7
146 7
146 7
146 7
146 7
146 7
146 7
146 7
146 7
146 8
146 9
147 5
147 6
147 6
147 7
148 6
148 7
148 8
148 8
148 8
148 9
148 9
149 7
149 8
149 9
149 9
