230
171
451
476
566
986
999
1255
1275
1502
1519
2028
2048
2379
2462
2852
2863
2917
3096
3189
3332
3478
3740
3828
3857
3877
3978
4083
4132
4169
4615
4646
5146
5296
6237
6322
6371
6640
6712
7055
7203
7362
7809
7931
8147
8168
8454
8569
8945
8964
9270
9611
9931
10733
10807
10868
10915
11022
11082
11795
12024
12045
12155
12359
12768
13016
13503
13653
13770
13817
14505
14581
14582
14623
14942
15077
15234
15464
15619
15893
15901
15961
16029
16082
16746
16898
17184
17360
17467
17592
17604
17779
18174
18567
18900
18921
19000
19061
19108
19569
19742
19868
20010
20352
20620
20669
21096
21170
21392
21779
21972
22013
22029
22180
22331
22553
22726
22928
23131
23635
23665
23732
23836
23937
24031
24348
24433
24745
25152
25650
25694
25787
26044
26092
26263
26374
26414
26484
27217
27231
27894
27923
28447
28477
28607
28664
28665
29140
29160
29461
29544
29680
29712
29861
29958
30217
30608
30834
30898
31130
31277
31374
31616
31676
31857
32079
32319
32895
33067
33142
33223
33523
33694
33767
34089
34318
34387
34531
34786
35011
35052
35441
35798
36065
36196
36638
36721
36726
37115
37162
37541
37637
38117
38151
38350
38647
38844
38938
39480
39495
39615
39616
39654
39704
40024
40053
40170
40227
40382
40472
40650
40683
40695
40741
40959
41041
41261
41331
41387
41520
41600
42108
42590
42728
42901
43474
43504
44166
44184
44256
44273
44560
