957
65
124
128
145
181
294
469
663
669
692
726
875
1270
1273
1331
1541
1682
1693
1760
1966
2105
2145
2161
2487
2492
2612
2725
2761
2919
3064
3097
3224
3238
3341
3431
3437
3469
3735
3796
3860
4093
4148
4155
4411
4584
4693
4760
4852
4922
4960
5004
5060
5129
5493
5699
5861
5889
5940
5980
6214
6565
6772
6810
7071
7075
7092
7095
7195
7323
7583
7623
7665
7710
7745
7889
7932
8130
8326
8425
8526
8557
8572
8593
9038
9147
9313
9457
9562
9842
9943
10025
10145
10214
10282
10289
10329
10335
10384
10485
10533
10620
10644
10853
10979
10994
11037
11098
11235
11254
11373
11444
11562
11677
11723
11758
11889
11910
12049
12130
12199
12220
12261
12292
12484
12492
12578
12682
12726
12739
12789
12858
12929
12936
12956
12994
13100
13111
13251
13307
13406
13652
13677
14136
14165
14174
14267
14549
14571
14642
14794
14813
14991
15213
15865
15867
15918
15985
16019
16130
16188
16235
16346
16409
16539
16713
16780
16800
16966
17043
17340
17388
17530
17535
17598
17657
17788
17876
17880
17903
17949
17964
17976
18094
18116
18134
18365
18398
18498
18692
18905
19025
19068
19077
19080
19127
19144
19247
19269
19312
19319
19321
19340
19362
19487
19557
19593
19610
19835
19855
20005
20115
20117
20133
20409
20473
20485
20533
20649
20692
20805
20895
21150
21186
21353
21466
21588
21727
21902
22030
22039
22165
22223
22328
22335
22341
22469
22963
23101
23191
23200
23227
23278
23294
23303
23447
23483
23767
23885
23901
23960
24023
24053
24139
24168
24217
24316
24337
24424
24485
24745
25020
25090
25287
25393
25440
25635
26235
26263
26371
26400
26539
26571
26573
26778
26929
26981
27053
27086
27192
27199
27220
27417
27421
27427
27624
27801
28066
28106
28167
28171
28287
28403
28473
28529
28656
28698
28806
28856
28862
29214
29244
29269
29293
29359
29398
29407
29639
29665
30111
30193
30285
30286
30527
30681
30685
31104
31319
31333
31414
31557
31596
31623
31826
31844
31910
32115
32290
32368
32392
32394
32401
32469
32505
32555
32756
32806
33029
33166
33175
33301
33341
33379
33415
33480
33486
33614
33632
33666
33691
33762
33889
33921
34082
34111
34152
34183
34199
34204
34384
34781
34825
34833
34871
34931
34969
35363
35733
35808
35870
36188
36192
36378
36444
36538
36656
37026
37065
37210
37257
37258
37317
37653
37656
37824
37948
37962
38020
38034
38083
38344
38612
38731
38818
39032
39053
39101
39186
39281
39611
39622
39720
39864
39887
39971
39973
40005
40138
40178
40250
40308
40343
40398
40628
40857
41087
41445
41566
41634
41848
41921
42013
42066
42206
42411
42539
42865
43113
43177
43182
43277
43467
43520
43740
43922
44244
44458
44494
44511
44561
44692
44704
44808
44839
44923
44959
44975
45003
45043
45056
45418
45425
45463
45499
45571
46011
46042
46134
46230
46363
46387
46410
46650
46725
46910
47025
47163
47179
47187
47278
47465
47475
47490
47642
47887
48010
48034
48432
48449
48658
48682
48686
48738
49192
49210
49297
49481
49674
49874
50082
50279
50302
50335
50343
50411
50573
50683
50844
50946
51018
51040
51224
51290
51361
51380
51445
51737
51741
51896
52088
52098
52114
52277
52770
52840
52972
53070
53408
53500
53563
53583
53655
53758
53791
53843
53989
54030
54274
54318
54594
54648
54699
54883
55135
55182
55211
55367
55627
55683
55737
55779
55862
56058
56064
56072
56185
56272
56286
56317
56485
56802
56855
56924
57018
57053
57143
57226
57316
57453
57619
57941
57969
58152
58187
58507
58561
58685
58719
58946
59001
59024
59025
59109
59194
59197
59293
59328
59374
59529
59644
59690
60022
60037
60052
60176
60189
60200
60246
60284
60358
60366
60565
60873
60892
60900
61118
61177
61192
61415
61612
61675
61913
61977
61991
61994
62016
62021
62155
62539
62560
62662
62674
62692
62876
62879
62931
62998
63071
63167
63193
63292
63301
63343
63389
63393
63401
63408
63716
63734
63954
64084
64218
64319
64323
64428
64503
64558
64661
64673
64699
64732
65061
65095
65098
65322
65335
65440
65484
65492
65550
65652
65736
65828
65836
65977
66004
66106
66165
66402
66445
66537
66577
66644
66707
66843
66911
66925
66963
67005
67037
67041
67053
67391
67549
67598
67830
68034
68267
68284
68334
68379
68489
68580
68583
68635
68706
68755
68871
68913
68980
69108
69244
69454
69544
69559
69634
69846
69894
69939
70021
70069
70191
70232
70337
70339
70542
70568
70643
70658
70773
70792
70864
70962
71484
71496
71550
71569
71609
71619
71733
71834
71924
72027
72160
72170
72595
72629
72690
72735
72816
72833
72919
72949
73289
73301
73303
73422
73450
73453
73560
73574
73614
73623
73667
73683
73704
73782
73884
73944
74034
74117
74171
74201
74218
74280
74330
74437
74547
74658
74714
74736
74794
74836
75178
75264
75370
75564
75696
75809
75995
76038
76054
76095
76116
76270
76302
76307
76352
76369
76502
76504
76551
76619
76643
76652
76744
76781
76956
77013
77073
77087
77095
77105
77123
77156
77510
77543
77553
77583
77636
77662
77692
77698
77719
77721
77858
77875
77920
77998
78118
78327
78348
78460
78587
78657
78674
78750
78775
78800
78887
78944
78949
79090
79145
79210
79212
79264
79274
79282
79355
79443
79777
79931
79978
80042
80081
80086
80196
80236
80503
80550
80584
80656
80682
80822
80899
80909
80932
80972
81144
81205
81209
81217
81591
81747
81819
81962
82211
82497
82540
82586
82627
82723
82874
82883
82996
83019
83150
83246
83410
83438
83734
83744
83766
83840
84091
84272
84278
84301
84365
84544
84641
84829
85080
85229
85796
86056
86132
86159
86198
86418
86693
86706
86753
86839
87060
87086
87147
87184
87276
87348
87358
87378
87434
87606
87767
87791
87985
88137
88397
88650
88659
88716
88764
88819
88992
89154
89289
89342
89495
89660
89751
89772
89862
89963
89980
90078
90197
90207
90229
90328
90380
90612
90700
90752
90779
91089
91168
91361
91366
91616
91693
91904
92048
92064
92149
92389
92452
92633
92722
92929
92943
93023
93061
93088
93126
93188
93408
93433
