607
60
100
224
366
378
417
462
594
639
648
701
705
807
978
1019
1332
1589
1592
2006
2014
2142
2340
2373
2425
2437
2438
2484
3159
3480
3498
3728
3812
4047
4053
4409
4484
4578
4936
4975
4997
5219
5598
5613
5682
5818
5842
5996
6034
6216
6343
6362
6370
6557
7167
7175
7275
7277
7362
7410
7643
8164
8300
8329
8500
8580
8722
8783
8853
9049
9176
9317
9360
9434
10221
10794
10800
11078
11103
11214
11373
11811
11859
11868
11956
11981
12309
12412
12503
12684
12794
12831
12931
13073
13265
13376
13452
13549
13698
13835
13963
13992
14196
14896
15619
15648
15865
16389
16505
16817
17119
17182
17517
17602
17813
17819
17963
18200
18268
18299
19046
19066
19272
19546
19662
20086
20200
20316
20587
20633
20769
20898
21714
21782
21959
22049
22746
22976
23001
23127
23265
23393
23411
23746
23833
23935
23996
24046
24117
24158
24265
24311
24336
24860
24868
25163
25291
25378
25529
25697
25768
25791
26174
26267
26333
26340
26589
26623
26843
26889
27007
27063
27522
27694
27840
28117
28534
28639
28720
28735
28763
28764
28813
28884
28906
28953
29060
29243
29314
29577
29592
29700
29742
30012
30044
30311
30445
30611
30719
30838
30998
31123
31229
31313
31664
31706
31836
32122
32138
32330
32601
32791
32893
33132
33145
33295
33402
33541
33566
33581
33635
33769
34083
34163
34439
34489
34685
34815
35140
35820
36124
36315
36580
36873
37053
37264
37349
37519
37760
38011
38014
38023
38124
38686
39018
39121
39132
39287
39358
39428
39504
39859
39874
39876
39940
39968
40353
40454
40589
40679
40776
41060
41241
41292
41418
41513
41835
41902
41927
41929
42003
42185
42441
42825
43266
43587
43781
44095
44229
44456
45009
45025
45700
46121
46176
46466
46568
46579
46585
46605
46789
47270
47476
47689
48246
48448
48593
48890
48979
49000
49241
49485
49610
49834
49840
49927
49962
50050
50320
50407
50411
50642
50941
50991
51003
51416
51581
51676
51683
51834
51882
52183
52446
52461
52822
52934
53334
53563
53724
53990
54005
54052
54243
54706
54776
54836
55050
55068
55301
55529
55634
55665
55754
55871
55900
56009
56206
56217
56224
56269
56359
56714
56724
57094
57134
57165
57167
57231
57642
57786
58153
58292
58300
58768
58811
58846
59027
59153
59830
60326
60388
60420
60726
60735
60769
60877
60923
61078
61109
61300
61358
61381
61392
61399
61553
61822
61852
61962
62039
62172
62285
62352
62441
62583
62646
62818
63135
63212
63684
63893
64036
64049
64189
64241
64360
64370
64681
64847
64994
65122
65204
65315
65528
65561
65656
65942
66256
66323
66622
66748
67038
67253
67532
67621
67881
68047
68061
68095
68201
68316
68544
68915
69265
69571
69971
70213
70246
70552
70716
70939
70943
71021
71110
71346
71347
71561
71596
71989
72512
72948
73026
73282
73358
73424
73471
73635
73658
73660
73735
73745
73748
73808
73845
73956
74114
74846
74861
75018
75129
75175
75633
75662
75673
76059
76120
76216
76245
76269
76329
76708
76750
76761
77397
77442
77447
77740
77749
78011
78242
78250
78258
78628
78662
78776
78821
78884
78989
79094
79127
79128
79130
79270
79955
80014
80234
80406
80443
80473
80745
80797
81403
81454
81876
82081
82097
82253
82261
82264
82274
82540
83097
83138
83149
83177
83310
83446
83770
83784
83875
84089
84592
84601
84832
85025
85067
85193
85584
85938
86036
86073
86286
86351
86392
86513
86845
86939
86985
87104
87177
87248
87319
87419
87974
88363
88387
88401
88600
89303
89349
89435
89535
89648
89768
90263
90346
90470
90797
90887
91038
91046
91190
91385
92250
92499
92622
92650
92871
93148
93264
93429
93438
93574
93609
93682
93823
93984
94400
94476
95100
95102
95122
95216
95908
96019
96036
96252
96281
96289
96558
96581
96605
96630
96634
96701
96704
96888
97122
97260
97343
