284
203
333
649
794
799
925
930
1207
1263
1320
1495
2119
2237
2297
2382
2536
2728
3134
3194
3528
3707
4006
4034
4232
4305
4450
4466
4665
4739
5039
5230
5607
5636
5650
6037
6619
6689
6751
6869
7162
7379
7498
7673
7826
8166
8569
9303
9778
10361
10521
10679
10690
11553
11676
11794
11839
12044
12131
12606
13203
13769
13951
14326
14525
14633
14650
14852
15023
15442
15738
15776
16313
16366
16557
16562
16565
16954
17221
17389
17559
17726
17774
18146
18220
18378
19270
19274
19512
19687
19900
20018
20205
20238
20268
20451
20626
20955
20984
21002
21323
21587
21863
22176
22617
22768
22835
23046
23113
23829
24229
24246
24286
24478
25308
25505
25579
26053
26141
26252
26263
27217
27535
28001
28254
28659
29233
29350
29369
29551
29560
29612
29703
29819
30187
30342
30467
30485
30523
30538
30578
30661
30696
30813
30917
30936
31253
31382
31384
31418
31468
31824
31921
32185
32330
32390
32571
32723
33494
33724
34051
34084
34186
34303
34550
34678
34692
34698
34880
35045
35048
35640
35748
35914
36200
36213
36373
36454
36773
36880
37052
37227
37741
37911
38084
38218
38553
38598
38603
38852
39012
39072
39082
39212
39352
39424
39478
39531
40160
40291
40321
40415
40493
40774
40812
40965
41843
41854
42661
43148
43413
43473
43988
44080
44206
45296
46891
46904
47235
47363
47416
47961
47973
48212
48383
49373
49440
49826
49930
50309
50798
50997
51164
51186
51710
52474
53514
54258
54543
54801
55005
55497
55940
56310
56781
56807
57116
57391
58299
59042
59168
59213
59425
59475
59626
59739
59961
60199
60295
60616
60834
61053
61143
61565
62079
62255
62296
62581
62718
63251
63283
63314
63319
64032
64207
64251
64706
64811
65464
65566
65866
65958
66442
66899
67021
67037
