221
312
524
880
1310
1926
2066
2911
2979
3418
3857
3923
4139
4483
4731
4895
5245
5249
5261
6688
6856
7380
7611
7648
7743
9723
11322
11460
11588
11829
11871
13627
13656
13846
14919
15114
15633
16148
16792
17054
17499
18202
19115
19233
19303
19321
19542
19897
20033
20428
20678
21507
21511
22002
22218
22946
23158
23474
23902
24048
24472
24960
25154
25240
25423
25574
25671
26540
27587
28672
29161
29885
29940
30391
31094
32828
34535
34745
35389
35572
35731
36008
36105
36612
37210
37345
37872
38134
39342
40036
40369
41506
43279
43387
44427
45234
45369
45581
45681
46170
46387
46615
46793
47266
47270
47460
47476
47596
47981
48558
48679
49027
49195
49522
51019
51391
52206
52560
53184
53358
53407
53890
54081
54515
54597
54598
55123
55414
55541
55719
55936
56214
56609
57046
57383
58011
58319
58559
58717
59506
60187
61262
61894
62059
62101
63353
63606
64011
64827
65007
65732
66514
67040
67711
68230
68949
69435
69585
69739
69779
69793
69956
70124
70574
70923
71372
71430
71747
71981
72513
72828
72880
73406
74777
75058
75129
75134
75188
76333
76356
76966
77188
77954
78056
78258
78398
78667
78738
79188
79435
79618
79823
79941
80181
80550
81440
81787
82811
83050
83754
84564
86941
87336
88006
88015
88337
88467
88680
88991
89191
89356
89409
89757
89941
90817
92235
92657
92855
93141
93451
93719
94756
94871
