688
666
57
657
879
278
873
520
569
319
844
431
708
466
158
774
626
683
523
750
355
943
308
997
967
758
389
68
771
947
46
974
749
74
944
286
653
584
329
692
293
363
669
554
997
745
650
874
914
948
734
630
772
597
890
386
183
487
470
143
528
787
526
91
358
101
550
354
955
895
89
336
670
26
88
988
200
683
682
237
354
196
765
297
615
315
780
60
920
266
815
612
446
252
685
484
14
493
335
922
342
842
803
892
659
741
751
268
246
476
859
425
740
727
938
177
248
539
598
54
818
278
774
309
251
10
220
547
542
814
430
190
388
309
630
165
101
920
958
68
330
549
279
952
497
393
404
465
793
905
542
727
351
136
183
8
7
979
592
373
371
371
671
731
260
29
874
819
155
827
900
657
795
220
966
368
674
325
138
37
367
633
810
748
709
38
817
89
48
462
752
952
97
393
39
146
181
794
322
193
439
265
931
536
778
698
160
9
558
33
672
852
227
504
33
753
464
10
500
554
892
960
374
940
529
585
713
497
259
376
384
681
124
400
678
636
467
223
627
353
564
434
176
221
821
866
984
437
376
146
852
299
701
384
745
974
505
446
31
605
21
217
317
174
851
96
537
882
779
826
635
94
942
327
473
753
895
675
68
284
285
502
827
250
81
385
280
610
839
852
879
673
908
111
126
261
826
896
457
192
363
932
173
50
92
664
604
257
178
86
27
893
48
126
512
633
424
437
627
334
353
215
173
526
262
154
302
806
52
428
988
827
132
317
68
913
364
870
907
678
670
181
229
25
565
560
863
811
837
89
894
231
50
414
161
604
141
204
38
750
753
309
744
764
279
905
687
777
668
587
303
349
23
863
834
484
607
871
87
596
498
921
905
422
347
715
442
976
59
988
581
827
984
650
752
93
82
670
277
306
19
582
199
375
196
519
393
711
802
134
797
239
569
158
375
477
508
538
639
95
868
215
801
680
426
91
446
481
769
403
387
646
871
923
34
57
126
636
633
368
981
153
501
821
648
930
691
993
905
294
599
307
208
728
405
479
561
411
941
103
697
79
439
819
524
23
250
584
625
503
708
403
218
371
649
823
610
23
411
580
317
119
312
442
128
408
833
723
782
673
851
192
654
84
569
525
113
303
261
899
228
332
471
234
828
271
502
566
115
204
463
208
315
306
61
688
895
566
961
845
783
386
58
69
685
98
552
920
1
31
325
517
329
398
947
539
82
593
901
908
728
291
937
979
868
698
386
625
406
280
690
772
233
54
148
478
821
247
323
133
404
521
999
234
702
444
508
668
221
345
424
634
505
40
18
976
498
538
349
90
534
977
619
971
576
153
907
512
266
989
878
809
612
963
485
911
489
390
499
202
563
573
157
984
369
51
461
933
73
488
566
350
625
924
587
113
350
683
295
609
621
474
17
316
690
632
762
281
320
331
539
358
609
53
776
755
388
586
68
991
330
360
543
121
510
685
630
876
83
50
853
229
31
619
416
861
131
597
304
82
194
663
405
757
333
665
62
837
16
346
143
176
889
492
653
439
244
222
484
602
556
280
611
486
360
770
856
369
458
