371
453
532
271
602
638
262
484
840
461
153
776
548
137
75
543
463
650
642
889
587
913
908
937
953
793
75
720
803
330
86
824
675
114
977
860
233
17
639
648
173
813
43
172
365
565
875
614
152
379
776
987
396
394
63
524
63
987
311
363
904
129
540
621
929
916
230
524
740
864
535
305
776
282
1000
467
378
747
485
838
461
593
232
581
937
225
763
363
176
706
454
66
275
255
255
157
787
278
194
401
256
453
527
583
959
824
478
325
564
212
205
987
972
543
74
835
166
199
325
905
761
225
162
537
702
160
336
55
167
466
282
382
803
9
857
237
852
46
633
607
274
825
667
546
609
747
730
80
375
918
177
204
466
304
265
358
54
732
375
755
681
219
978
898
265
217
891
419
624
400
988
107
39
718
593
50
430
266
185
269
868
412
303
150
365
726
722
321
336
431
359
996
425
394
463
159
131
770
365
286
975
760
291
900
907
732
805
910
692
211
85
252
141
872
343
514
495
617
671
433
267
486
713
456
268
647
365
831
269
279
396
130
906
812
79
80
951
716
348
786
783
349
454
630
952
718
40
626
536
348
523
557
337
418
873
385
116
904
874
522
457
587
706
733
264
948
424
399
457
648
128
808
139
470
624
858
299
460
92
832
159
426
503
726
883
371
373
990
964
64
507
157
833
24
389
909
198
419
743
671
863
533
342
825
893
904
170
479
385
93
634
568
784
531
119
491
304
971
637
99
570
298
842
609
714
979
664
530
830
767
606
995
249
791
758
161
284
320
345
526
877
794
236
718
727
964
985
757
487
73
634
410
452
996
257
309
992
897
470
680
522
839
677
590
45
753
907
413
379
959
839
96
