802
852
98
865
267
100
476
599
818
993
756
467
924
223
7
547
964
99
164
886
793
170
193
935
703
3
551
406
188
368
520
507
517
368
839
399
520
581
85
580
616
618
423
296
896
834
868
387
646
180
906
664
248
803
706
20
565
646
71
972
168
916
837
143
478
434
616
259
156
548
37
406
355
456
476
589
659
460
543
516
217
761
956
550
97
860
414
680
39
427
512
868
627
425
697
388
603
251
287
927
823
67
551
923
147
636
22
211
636
667
993
53
547
192
897
773
506
110
363
615
923
756
221
669
294
583
967
684
569
344
246
110
148
57
367
219
270
612
369
292
433
814
105
794
676
375
834
739
905
766
341
145
349
203
988
688
212
534
947
853
630
351
115
289
907
280
844
997
40
658
23
301
506
141
314
972
138
94
556
52
998
236
557
240
217
375
182
411
948
238
465
415
1000
542
18
542
390
106
818
939
304
438
39
490
598
637
80
709
559
350
3
881
557
579
126
365
271
358
96
504
449
607
716
494
97
470
581
667
860
740
20
841
520
663
96
702
782
822
107
942
210
553
440
909
314
733
698
732
733
901
911
650
556
564
546
586
723
358
388
132
210
875
315
354
762
624
388
802
896
225
631
312
693
772
134
104
990
362
92
176
587
882
682
612
915
367
721
609
937
482
801
414
729
62
799
364
159
609
531
869
494
36
725
778
578
311
281
291
777
547
197
566
477
254
103
827
244
824
851
652
813
533
54
322
111
674
330
128
431
729
441
454
475
589
822
811
649
831
770
921
149
655
720
557
252
180
134
269
132
827
856
292
445
652
822
518
434
889
558
863
733
473
367
863
750
931
29
133
13
237
246
760
893
306
618
208
799
604
722
338
886
242
158
218
743
782
272
359
979
90
334
523
13
969
706
888
863
754
859
886
888
436
230
561
564
359
830
76
59
818
493
972
515
647
102
470
103
154
477
136
260
288
844
587
915
828
680
762
164
480
619
222
434
324
936
590
125
477
50
306
763
925
640
358
814
120
875
635
333
650
320
436
606
687
559
194
547
966
651
91
262
723
272
996
761
862
463
259
913
962
437
397
880
170
340
18
580
713
467
776
471
299
337
903
189
589
63
610
629
84
875
85
15
697
60
382
531
6
807
666
66
833
462
215
495
474
572
24
517
434
850
637
110
39
742
265
430
205
427
972
723
46
59
357
259
433
993
127
103
760
806
668
280
777
44
892
615
862
23
417
468
892
654
48
928
578
882
504
13
714
492
896
312
297
894
329
414
530
60
507
656
291
868
79
239
986
804
735
899
499
733
641
668
722
979
19
46
975
762
39
719
419
740
632
281
421
627
235
8
626
215
402
163
691
573
694
864
1000
794
515
311
912
234
690
752
866
315
461
808
672
970
471
516
338
638
806
992
653
139
348
785
269
15
305
781
1000
178
886
957
755
617
379
978
527
848
607
111
698
254
550
556
364
524
448
290
721
98
603
977
208
234
396
816
259
749
857
349
89
3
734
479
971
964
96
923
409
910
943
153
29
174
604
809
278
31
934
760
853
764
343
750
651
355
966
883
470
705
14
924
707
156
143
939
631
116
540
849
661
860
318
99
972
938
916
123
352
149
970
896
562
720
213
607
833
861
951
676
168
795
965
574
490
383
44
107
222
687
118
947
276
38
956
730
177
661
934
131
434
23
97
276
170
98
641
423
818
900
76
276
706
166
616
307
676
816
412
921
241
308
57
926
966
260
854
511
872
364
661
165
531
235
37
402
807
557
185
195
572
271
94
632
324
645
287
219
298
332
893
877
537
495
938
124
983
558
951
403
700
126
510
251
276
706
