147
97
701
43
274
540
108
839
407
796
748
549
228
799
871
172
512
807
716
756
909
525
589
166
347
550
867
398
216
856
541
538
272
233
388
948
577
595
991
630
678
624
869
644
417
655
748
38
686
860
88
11
506
685
195
403
309
545
572
582
518
140
521
886
541
762
26
716
702
42
470
299
255
376
196
461
711
725
764
736
241
701
75
92
850
831
940
666
9
957
508
925
939
192
539
170
313
544
242
528
148
282
786
97
61
2
448
319
361
510
734
216
897
510
812
130
507
595
102
259
484
275
931
449
28
109
256
503
189
252
64
928
169
103
304
199
547
788
278
722
175
812
249
80
428
353
24
529
