541
333
425
892
609
911
66
396
37
283
704
863
120
245
834
138
814
645
960
116
914
529
656
117
416
412
272
216
19
113
187
469
661
449
267
826
800
778
51
200
90
317
479
221
446
111
570
192
418
268
578
612
216
497
479
403
148
658
526
390
391
390
494
797
336
708
210
604
620
718
339
168
590
863
27
533
970
903
37
49
746
143
532
324
783
781
951
734
636
824
578
560
346
983
395
314
638
118
76
105
437
921
402
674
462
432
858
108
856
660
337
135
303
953
310
684
839
322
110
491
344
848
684
263
402
111
188
20
565
299
770
895
315
456
731
531
497
191
256
347
676
719
688
702
631
601
823
645
605
966
673
534
192
727
548
587
528
221
166
836
433
909
121
430
162
507
201
443
142
718
372
126
533
566
292
245
36
369
813
389
856
519
627
265
586
437
209
100
841
212
880
548
922
908
52
252
910
993
509
851
678
45
422
650
385
82
879
803
398
242
514
963
148
245
185
803
169
239
521
688
577
57
506
714
692
515
223
40
397
292
39
204
642
126
449
745
451
779
157
593
143
63
238
111
587
96
802
970
728
711
740
182
290
864
797
402
292
61
69
205
104
706
886
161
708
853
455
686
404
951
968
769
344
338
361
129
457
874
286
921
398
758
572
411
5
620
391
280
149
235
144
789
659
587
664
966
832
29
552
376
257
13
144
345
680
393
884
258
956
353
576
439
448
786
435
355
353
315
237
68
748
979
219
990
529
681
536
734
625
283
615
559
217
941
713
749
495
939
128
817
314
187
770
798
951
556
112
823
489
685
647
713
129
151
978
257
815
787
901
446
879
856
96
599
818
898
402
865
279
156
88
542
770
65
152
487
748
312
858
504
14
238
579
789
419
170
968
404
900
262
267
915
865
692
140
826
818
360
759
752
20
998
55
636
444
998
637
9
681
526
567
177
305
393
967
29
794
62
810
826
497
342
277
368
908
625
701
228
739
407
417
865
928
363
90
928
881
821
186
897
702
726
3
922
470
937
493
570
76
826
982
710
907
198
885
731
303
76
208
424
586
529
731
256
475
33
989
766
119
238
730
468
462
668
591
374
816
532
56
505
121
956
586
284
838
390
619
121
91
445
191
50
248
105
130
232
4
48
571
879
473
500
908
776
596
330
417
435
567
494
36
204
644
989
218
445
347
845
369
550
518
985
268
621
728
597
163
867
923
843
209
453
212
708
177
683
110
455
2
646
764
481
