340
959
785
333
938
669
125
233
674
923
856
921
224
332
911
722
761
996
753
654
777
15
634
219
491
12
468
220
237
261
696
17
659
154
39
835
921
778
50
35
896
938
5
209
49
566
874
433
334
464
542
693
428
325
80
333
896
27
934
173
260
921
278
840
540
337
960
361
853
811
749
371
838
571
898
978
567
597
839
118
970
436
926
823
493
612
960
623
278
608
416
299
38
333
434
138
553
644
576
678
802
750
27
292
483
384
171
89
188
345
40
802
21
700
967
336
697
696
148
868
205
199
301
943
467
601
796
421
412
49
179
853
320
759
892
659
78
314
245
972
373
275
741
59
47
919
950
475
978
969
226
907
119
771
643
119
691
4
285
403
912
927
396
561
951
67
832
338
708
786
108
314
228
965
653
179
285
803
325
470
829
936
626
286
922
802
723
697
68
694
283
470
770
675
366
806
61
890
568
258
693
301
294
923
341
88
951
117
683
582
327
375
314
549
874
295
614
236
835
615
834
458
504
729
292
122
13
165
968
318
954
506
762
868
376
66
20
129
258
377
391
524
571
26
446
765
167
231
963
517
705
369
230
736
288
557
418
821
942
649
208
926
257
283
294
408
452
608
94
406
625
673
768
904
180
461
834
193
455
964
726
935
971
157
965
763
629
376
518
60
649
711
163
707
66
649
148
526
189
115
171
253
187
572
714
696
354
978
187
649
442
833
929
74
309
770
216
72
906
886
687
296
420
719
100
335
91
169
584
845
198
344
681
510
980
243
156
63
402
778
512
