236
900
282
175
553
504
709
789
535
655
113
796
132
290
853
297
398
473
909
452
476
775
650
557
142
467
901
290
889
983
148
251
560
862
82
507
189
439
714
843
854
675
572
291
189
683
289
690
482
693
715
587
301
925
101
974
794
992
541
942
208
672
119
661
732
477
324
432
198
330
466
864
86
944
592
838
1
465
696
293
899
509
373
9
152
337
197
604
541
498
792
144
433
417
11
792
106
506
173
257
293
397
334
450
788
329
909
940
14
610
935
120
818
600
306
333
683
688
781
576
148
875
718
319
928
201
937
797
794
678
46
355
103
639
450
527
191
156
726
827
717
867
708
736
924
686
544
853
635
495
339
5
161
815
675
679
979
895
412
465
517
318
894
671
641
638
875
460
34
137
661
100
626
519
387
945
512
793
814
696
283
504
911
762
878
504
85
293
358
152
735
917
923
553
627
7
329
170
995
636
21
23
170
406
855
445
470
544
550
104
108
284
18
847
637
747
369
195
177
625
607
790
268
729
251
153
248
533
721
680
778
76
393
680
717
177
43
