346
220
150
774
386
864
562
170
826
114
561
287
385
231
10
392
661
511
498
597
817
609
191
909
792
346
546
54
509
314
694
781
906
777
1000
422
148
304
662
213
348
65
647
499
64
851
680
742
444
598
938
599
150
410
669
106
215
156
822
913
536
762
766
672
212
715
147
174
5
658
132
933
576
278
390
360
1000
856
774
608
474
376
836
945
928
587
302
807
784
273
735
603
263
56
822
109
819
800
350
155
615
871
735
875
178
467
644
7
166
904
25
62
49
399
461
50
775
895
16
996
79
587
403
914
29
446
533
954
687
720
526
839
463
327
356
442
592
920
115
186
977
659
879
756
450
341
732
404
869
874
796
590
265
940
105
980
742
656
664
85
526
728
948
601
912
310
150
818
912
862
821
647
38
892
204
767
222
31
421
941
660
229
723
371
65
557
923
680
396
693
773
943
527
569
485
697
794
934
796
778
321
749
981
467
626
614
32
310
597
2
255
386
97
47
286
407
247
651
530
115
914
256
948
413
696
139
74
837
752
747
767
47
18
478
528
657
455
9
150
276
490
549
192
363
230
734
55
653
28
796
767
57
626
961
36
925
251
795
211
529
947
671
681
164
527
574
867
140
122
519
946
174
331
649
442
555
866
937
990
542
889
270
488
480
648
95
287
165
81
570
998
245
552
787
430
944
946
901
7
145
702
546
581
525
117
369
287
527
954
824
898
443
574
541
377
36
262
829
369
984
716
270
312
318
440
951
329
813
557
846
881
874
680
829
6
829
78
681
76
928
877
313
32
203
343
559
203
