100
38 47 11 19 17 23 42 2 44 18 4 30 36 22 6 29 3 39 42 36 7 38 16 48 34 3 43 21 20 13 15 33 28 31 28 39 47 26 49 27 16 37 35 5 20 12 4 11 44 14 5 33 25 12 25 41 24 43 1 27 32 9 26 8 49 30 1 9 46 34 7 6 2 19 41 10 31 37 32 29 10 50 24 40 18 14 35 23 15 8 45 13 21 50 40 46 22 45 17 48
1 2
2 3
3 4
3 5
2 6
6 7
6 8
6 9
8 10
2 11
5 12
12 13
13 14
3 15
6 16
1 17
4 18
16 19
18 20
20 21
6 22
20 23
23 24
4 25
15 26
19 27
8 28
9 29
22 30
30 31
22 32
22 33
33 34
17 35
31 36
36 37
26 38
38 39
13 40
11 41
8 42
4 43
35 44
12 45
29 46
46 47
33 48
48 49
21 50
19 51
23 52
47 53
15 54
6 55
55 56
21 57
41 58
1 59
48 60
17 61
51 62
62 63
51 64
21 65
35 66
44 67
67 68
66 69
15 70
55 71
37 72
6 73
20 74
47 75
16 76
76 77
23 78
63 79
59 80
19 81
68 82
68 83
14 84
2 85
57 86
86 87
39 88
58 89
86 90
43 91
57 92
6 93
93 94
9 95
95 96
11 97
10 98
17 99
22 100
