100
23 44 48 1 20 15 2 1 34 16 42 2 48 21 7 13 36 12 29 14 42 17 29 6 34 33 28 31 18 28 14 16 11 39 20 49 40 47 46 9 21 13 37 9 4 3 11 35 19 50 12 45 33 50 32 25 36 5 35 31 18 38 27 40 23 26 22 19 47 46 15 43 24 24 10 22 8 41 10 17 26 6 39 25 3 8 27 4 38 32 30 37 5 44 30 43 49 45 7 41
1 2
1 3
1 4
4 5
5 6
6 7
2 8
7 9
3 10
9 11
9 12
1 13
1 14
6 15
11 16
7 17
15 18
3 19
19 20
20 21
11 22
22 23
23 24
24 25
25 26
26 27
24 28
12 29
16 30
6 31
23 32
22 33
33 34
14 35
1 36
2 37
36 38
12 39
11 40
38 41
28 42
25 43
36 44
7 45
30 46
39 47
47 48
48 49
31 50
1 51
51 52
43 53
9 54
3 55
12 56
10 57
57 58
19 59
18 60
43 61
40 62
53 63
63 64
18 65
65 66
66 67
30 68
19 69
4 70
32 71
25 72
59 73
44 74
71 75
15 76
44 77
15 78
64 79
79 80
5 81
76 82
47 83
37 84
3 85
2 86
37 87
13 88
87 89
25 90
66 91
91 92
4 93
83 94
59 95
26 96
55 97
10 98
73 99
99 100
