100
36 9 36 22 27 14 31 8 18 44 7 12 49 19 3 37 33 16 47 35 26 32 38 29 31 38 9 44 42 24 17 35 43 2 23 18 2 40 19 48 12 26 30 45 27 37 21 28 10 1 39 46 49 16 17 42 40 43 30 24 20 11 1 7 33 25 15 21 4 6 6 46 41 11 10 15 45 48 39 22 5 41 34 8 47 4 13 34 50 5 25 14 29 3 28 13 32 50 23 20
1 2
1 3
3 4
3 5
5 6
6 7
1 8
8 9
4 10
10 11
5 12
5 13
11 14
14 15
15 16
11 17
7 18
18 19
11 20
20 21
21 22
17 23
23 24
24 25
25 26
26 27
27 28
28 29
29 30
30 31
31 32
9 33
3 34
25 35
35 36
21 37
2 38
13 39
17 40
13 41
41 42
41 43
43 44
1 45
45 46
46 47
25 48
48 49
24 50
50 51
51 52
52 53
53 54
46 55
55 56
56 57
12 58
58 59
48 60
9 61
29 62
62 63
48 64
64 65
52 66
66 67
50 68
68 69
69 70
47 71
71 72
72 73
15 74
67 75
75 76
29 77
69 78
47 79
72 80
4 81
81 82
82 83
83 84
84 85
75 86
23 87
87 88
22 89
89 90
54 91
38 92
92 93
93 94
40 95
95 96
96 97
97 98
98 99
99 100
