100
16 20 39 3 28 5 27 12 10 8 14 35 2 31 6 29 44 28 21 22 47 45 34 17 27 26 15 46 34 10 49 25 30 12 11 18 50 15 21 6 39 48 11 47 32 24 17 8 1 23 19 13 9 23 18 41 46 38 25 33 31 20 45 1 29 41 5 48 36 9 44 13 50 35 32 26 16 40 14 33 19 42 4 43 2 38 22 24 37 43 42 7 36 3 30 37 4 7 49 40
1 2
1 3
3 4
4 5
5 6
6 7
7 8
2 9
9 10
10 11
11 12
12 13
13 14
10 15
1 16
6 17
17 18
18 19
19 20
20 21
21 22
15 23
23 24
15 25
25 26
26 27
27 28
25 29
9 30
26 31
31 32
3 33
33 34
34 35
35 36
21 37
9 38
33 39
9 40
40 41
41 42
42 43
43 44
6 45
45 46
46 47
47 48
48 49
49 50
50 51
51 52
52 53
2 54
54 55
23 56
16 57
57 58
58 59
59 60
60 61
45 62
62 63
2 64
64 65
65 66
66 67
67 68
49 69
55 70
70 71
71 72
54 73
73 74
70 75
75 76
71 77
77 78
78 79
79 80
80 81
81 82
55 83
67 84
84 85
40 86
86 87
87 88
42 89
89 90
90 91
91 92
92 93
93 94
94 95
95 96
96 97
88 98
98 99
99 100
