100
12 21 42 22 27 31 5 24 22 49 38 25 44 10 49 46 47 41 8 11 41 6 28 32 40 50 20 50 31 3 35 37 14 15 43 37 23 4 6 17 32 39 4 30 16 33 17 21 2 16 11 30 18 8 44 45 43 15 12 42 47 34 34 13 19 23 48 13 38 20 3 24 1 36 18 9 9 1 10 7 27 46 48 45 2 26 29 39 19 35 26 40 7 14 28 25 29 33 5 36
1 2
2 3
3 4
4 5
5 6
6 7
7 8
8 9
9 10
10 11
11 12
12 13
13 14
14 15
15 16
16 17
17 18
18 19
19 20
20 21
21 22
22 23
23 24
24 25
25 26
26 27
27 28
28 29
29 30
30 31
31 32
32 33
33 34
34 35
35 36
36 37
37 38
38 39
39 40
33 41
11 42
3 43
4 44
19 45
3 46
3 47
42 48
48 49
37 50
10 51
4 52
3 53
48 54
51 55
12 56
21 57
42 58
3 59
50 60
25 61
61 62
41 63
7 64
51 65
17 66
56 67
17 68
30 69
21 70
70 71
57 72
46 73
73 74
48 75
37 76
76 77
73 78
1 79
79 80
54 81
15 82
36 83
13 84
84 85
7 86
86 87
73 88
88 89
21 90
43 91
29 92
92 93
93 94
91 95
95 96
31 97
30 98
98 99
69 100
