322 601
48
60
73
84
134
201
227
243
305
331
344
373
384
468
498
534
555
585
606
710
765
778
825
862
871
906
924
940
944
1080
1126
1152
1166
1167
1190
1191
1286
1312
1324
1332
1337
1352
1362
1392
1406
1408
1409
1422
1467
1478
1487
1491
1495
1541
1550
1567
1653
1658
1661
1733
1824
1855
1889
1921
1924
1959
2041
2146
2166
2167
2172
2211
2247
2296
2299
2301
2373
2380
2385
2401
2422
2438
2439
2440
2478
2499
2602
2629
2648
2656
2669
2705
2732
2760
2789
2803
2818
2852
2861
2899
2927
2946
2948
2966
2977
3007
3026
3041
3058
3060
3093
3112
3129
3150
3175
3202
3270
3320
3391
3405
3478
3514
3532
3546
3567
3586
3593
3610
3627
3645
3664
3687
3727
3757
3789
3857
3939
3942
3981
3986
4035
4058
4072
4076
4098
4159
4213
4225
4255
4299
4303
4316
4331
4350
4404
4495
4514
4535
4538
4542
4579
4581
4605
4637
4675
4701
4774
4868
4870
4892
4972
5027
5044
5089
5096
5110
5132
5189
5199
5254
5264
5299
5307
5355
5356
5371
5405
5410
5427
5441
5468
5502
5686
5699
5718
5744
5769
5784
5840
5850
5929
5978
5990
6027
6040
6043
6051
6058
6072
6223
6298
6323
6351
6379
6450
6463
6498
6506
6523
6555
6563
6596
6651
6653
6674
6732
6842
6866
6869
6896
6923
6939
6940
6954
6979
6984
7024
7068
7124
7130
7140
7152
7164
7187
7246
7271
7277
7333
7389
7390
7405
7484
7528
7601
7711
7728
7762
7787
7831
7849
7856
7862
7884
7900
7911
7958
8087
8130
8148
8156
8198
8290
8339
8377
8487
8516
8570
8580
8596
8630
8736
8779
8791
8797
8800
8830
8850
8855
8875
9014
9035
9070
9080
9088
9121
9130
9183
9187
9190
9194
9224
9278
9284
9321
9388
9421
9425
9432
9446
9468
9500
9514
9520
9562
9599
9607
9625
9640
9726
9831
9864
9887
73 -32
89 -51
63 -24
52 -14
-29 -1
-94 -88
-74 29
60 -72
-36 55
86 -65
28 -94
-100 -9
-83 -81
100 83
-46 -76
-61 -74
-57 78
-25 56
-47 77
-59 -26
-75 98
-64 -49
27 97
-20 41
51 -85
77 -72
72 77
19 89
46 19
71 100
-7 60
76 36
38 -50
-9 41
77 -18
-85 -98
-20 -49
-47 -94
-53 -17
47 49
-51 -27
77 -80
100 -54
60 46
15 -20
45 -93
-60 21
-6 28
21 35
-32 -52
68 -17
-100 -53
35 -47
-97 32
-13 0
-20 36
74 -43
6 73
3 -35
18 68
-4 -87
75 36
-16 -82
-37 55
4 -19
53 -29
65 53
18 -51
57 -29
81 -57
71 -89
29 -6
-82 -66
-33 -29
-50 35
-62 46
-2 63
-19 32
82 -6
-63 -15
75 90
56 39
-7 -77
38 -51
-6 -31
-8 -36
-20 -80
9 -2
-96 76
69 -46
-40 -94
100 9
69 -70
-60 0
24 -73
35 -1
68 -60
88 -40
-37 -24
9 57
45 51
72 75
21 -20
-78 25
-95 91
80 -85
47 29
24 -35
60 15
16 -67
42 -50
-18 9
-9 -80
19 54
-4 -73
-39 91
28 83
65 -52
-88 87
74 68
27 3
83 -77
-69 -43
-12 41
72 -97
75 -37
-46 -94
23 -5
-74 -59
-52 22
-81 -41
-38 47
92 77
96 -97
63 19
21 -61
72 4
-38 53
61 51
-6 -18
4 -82
-5 8
-76 -83
-98 -99
-91 -99
23 -72
-90 36
25 -98
12 -30
56 -75
39 -23
-36 10
31 27
-37 -59
-73 7
23 -19
25 68
90 -1
36 42
0 45
-7 74
23 4
9 -53
-44 71
-32 -89
96 -94
-62 -40
17 69
37 80
-91 14
-64 -18
95 11
-50 34
-91 86
-74 -40
-20 19
84 -98
73 -8
100 -72
-38 -33
91 -42
-76 -72
-32 41
48 -96
-30 57
18 6
90 -38
-84 90
97 76
25 -78
86 -96
-9 69
57 -36
-90 56
-8 -77
74 -68
-69 98
-89 -1
-12 59
-47 58
-35 71
-87 -46
83 80
94 79
55 18
51 41
22 -58
-41 -22
6 -30
85 48
-7 58
31 24
5 42
73 93
-50 -75
0 15
46 13
20 28
-8 13
-43 97
-69 -93
37 3
-51 47
82 5
-84 16
-97 9
-27 34
83 28
-25 55
20 25
80 -81
90 25
-18 -41
-98 74
23 -41
70 54
-33 -43
-94 -34
-97 38
72 70
-47 75
-72 -24
8 -90
-97 33
65 -27
-93 -6
-58 47
-82 24
-94 71
-53 29
-70 68
-68 -3
-76 -62
63 78
77 -16
47 -71
-92 25
-44 -34
35 -41
99 -1
-17 56
43 25
-47 11
-51 -41
-19 -4
38 11
-37 70
-93 -63
58 21
65 -16
55 -39
-36 64
86 20
-71 20
29 -72
69 -89
34 11
37 87
-79 36
96 3
82 33
64 96
-48 22
83 61
-58 48
-56 97
59 -42
60 45
78 40
-86 -43
68 34
-32 -49
95 55
89 67
-10 84
-81 -78
-33 83
-83 -31
4 100
-71 -4
-3 -76
-57 -94
-18 53
51 -90
-8 15
-83 -41
99 -15
-39 94
91 -51
60 -70
83 79
-48 -51
11 -81
19 -85
70 -2
11 -34
22 54
-28 55
7 73
15 99
-62 32
-92 -64
67 -81
-71 57
-82 39
88 -100
-33 -61
-100 79
-41 -31
94 -72
67 -46
-56 -61
59 -33
44 -85
-61 -42
64 -73
90 22
-36 56
41 -57
-37 59
33 -50
10 100
-61 10
78 -52
79 21
-24 -5
26 -29
-16 -16
38 -73
-51 27
-15 -88
5 -76
35 19
81 -25
62 94
85 -56
-57 -56
-56 -18
4 72
31 -68
-57 57
27 69
78 -89
-98 -35
-62 -49
43 -26
-37 -53
-2 48
66 -72
74 -23
-79 8
22 -86
52 16
-3 -45
-63 78
-13 -20
34 64
99 -38
25 51
27 14
-99 -31
88 -85
16 -15
13 -19
-36 -14
59 -65
94 -70
-50 45
46 47
50 83
24 87
-87 -93
51 62
-31 -25
13 97
89 -36
-85 76
-71 32
-89 43
63 -75
-72 -29
-40 73
1 10
17 -54
-94 -83
80 -20
-97 43
-12 54
4 7
80 67
-47 68
-69 -31
-6 -90
51 -45
53 13
-20 32
85 -10
4 -15
-100 71
-18 -94
88 -89
-13 92
54 25
45 -93
82 24
75 86
-58 56
-96 -14
66 55
41 19
-33 71
-50 -99
-40 4
-13 -90
-26 19
68 -38
30 -96
-47 -67
-21 48
-60 -90
-78 -86
96 -86
70 100
0 -14
54 91
-96 72
11 -96
73 21
-42 -91
32 32
28 -51
94 -93
-97 97
-60 -18
-5 -69
-8 17
-55 -62
31 66
-63 81
-49 92
71 -95
13 -69
60 -15
52 -83
-5 -67
-1 73
-18 -7
31 -15
-61 71
17 34
-99 60
-100 98
98 31
13 -66
-39 14
76 82
19 -12
-88 -72
24 65
96 69
98 -6
-9 -70
37 -79
-35 77
93 83
-40 44
-8 -39
-9 -11
42 -97
-27 -97
17 100
85 86
-13 98
64 61
12 59
-21 9
-97 71
-11 40
92 55
-34 34
-13 27
-72 79
38 19
-83 -21
-27 -10
-68 40
-11 -83
-24 27
65 -61
-63 -24
49 17
35 52
-13 -76
-9 -22
29 8
63 66
85 91
-6 22
-41 11
51 32
51 84
-78 -60
51 -2
17 15
37 54
41 -65
-30 -25
87 7
-51 -72
36 28
36 -2
-7 -30
-12 87
92 47
-3 -8
-71 -52
-25 -49
-62 -75
49 5
-10 -65
-42 -70
-29 -21
6 -43
36 5
-15 -29
-67 71
69 26
-60 -94
-37 82
54 60
-26 83
58 -1
84 46
25 32
-100 -86
17 -91
-55 88
-12 1
96 74
-95 -70
-55 89
-99 -87
-35 92
-80 28
24 24
-63 98
-44 46
-4 -61
-9 71
21 -8
36 -63
1 81
-75 39
-69 71
12 87
-100 7
76 52
-29 -60
44 -9
18 -33
65 55
-86 71
0 -40
-91 42
-69 30
84 67
17 -16
-3 -8
73 -22
-38 -66
-36 -37
42 90
-86 -88
80 8
-47 -3
25 68
-98 39
38 2
100 47
-57 81
-74 -74
