397 47
27
48
60
64
74
85
117
129
177
201
218
255
260
276
301
334
354
409
473
481
534
553
565
573
578
616
622
633
669
849
854
868
926
1038
1077
1087
1099
1104
1140
1175
1185
1205
1278
1295
1309
1343
1352
1366
1402
1409
1411
1452
1493
1587
1617
1690
1709
1773
1784
1805
1818
1865
1871
1873
1900
1941
2015
2072
2079
2083
2093
2095
2174
2204
2208
2215
2225
2242
2265
2272
2306
2339
2374
2383
2410
2424
2461
2487
2494
2529
2547
2554
2581
2618
2634
2711
2764
2772
2790
2804
2809
2822
2871
2904
2912
2933
2946
2952
3048
3061
3076
3162
3264
3269
3281
3313
3314
3371
3401
3431
3440
3446
3452
3463
3468
3474
3489
3513
3525
3557
3575
3576
3612
3640
3648
3681
3722
3744
3761
3792
3813
3846
3861
3876
3912
3946
3957
3998
4021
4025
4069
4092
4138
4140
4160
4180
4230
4249
4269
4292
4399
4435
4474
4498
4518
4552
4558
4571
4577
4585
4615
4632
4718
4761
4764
4776
4797
4859
4873
4874
4884
4925
4962
4991
5003
5007
5011
5018
5031
5059
5110
5115
5151
5154
5170
5191
5217
5249
5270
5272
5311
5340
5358
5363
5381
5395
5404
5417
5420
5458
5587
5607
5668
5675
5680
5684
5739
5781
5855
5864
5867
5888
5899
5901
5907
5909
5940
5983
5985
5986
5999
6024
6029
6035
6059
6083
6088
6091
6092
6097
6120
6145
6172
6196
6284
6285
6354
6355
6366
6373
6405
6490
6510
6524
6535
6538
6561
6587
6589
6602
6614
6646
6657
6673
6683
6695
6736
6741
6756
6781
6803
6879
6914
6920
6964
6985
7055
7139
7146
7149
7160
7182
7201
7260
7274
7305
7346
7350
7393
7399
7432
7441
7550
7555
7571
7588
7604
7629
7638
7734
7744
7758
7817
7855
7873
7893
7914
7915
7952
7958
7977
7979
7985
7989
8009
8010
8051
8052
8055
8075
8083
8114
8146
8176
8191
8198
8205
8274
8322
8334
8396
8430
8433
8437
8508
8584
8586
8608
8614
8659
8679
8684
8732
8740
8753
8766
8813
8831
8850
8854
8928
9000
9003
9013
9022
9027
9109
9118
9130
9155
9171
9195
9224
9287
9304
9350
9353
9354
9400
9420
9429
9481
9490
9492
9496
9516
9526
9540
9546
9588
9601
9602
9604
9669
9676
9690
9705
9706
9772
9810
9842
9866
9868
9878
9911
9938
9967
52 87
-36 57
81 76
-71 -55
37 -29
-8 87
-16 66
56 28
-49 96
33 -88
73 59
45 12
-59 48
7 54
30 -36
85 -69
-50 100
89 82
25 -83
77 -39
-62 -32
-52 22
85 -97
100 86
49 32
98 21
-9 -8
83 32
90 -11
-65 20
54 -81
51 54
69 -11
-15 -7
-44 -89
5 -6
-20 3
66 -86
6 65
100 -96
-3 48
-25 88
90 -43
-31 80
-3 4
-51 -50
-27 50
