125 560
64
76
150
162
199
406
533
548
589
733
805
883
906
931
1141
1178
1219
1336
1438
1452
1472
1536
1604
1656
1763
1928
2058
2295
2324
2336
2399
2988
3098
3192
3228
3492
3625
3733
3857
4090
4234
4270
4330
4354
4382
4534
4566
4582
4596
4624
4785
4795
4942
5039
5131
5207
5253
5272
5353
5458
5484
5513
5538
5647
5674
5736
5864
5888
5896
5910
5953
6079
6266
6304
6305
6358
6412
6683
6839
6871
6996
7032
7089
7131
7146
7230
7359
7378
7395
7571
7743
7786
7827
7862
8223
8304
8400
8407
8415
8719
8837
8876
8890
8967
8978
9042
9066
9158
9179
9325
9343
9362
9387
9388
9392
9425
9476
9575
9724
9748
9866
9910
9935
9947
9969
-55 -24
93 -11
-17 97
-26 -9
-92 66
8 -29
100 -52
-31 -47
-67 55
-42 -99
59 87
89 -13
65 2
-73 -6
-90 -46
-1 -45
30 -9
-6 63
-62 69
-47 -54
-16 12
-33 -17
10 37
-14 43
-9 -6
45 100
-19 -17
-14 96
85 13
-61 95
17 38
-100 97
80 -56
60 -83
-88 63
-87 -54
-26 -19
30 85
68 66
-23 -92
-90 72
-93 -9
-46 -7
-64 89
57 -25
84 -27
63 34
-80 42
78 80
9 41
42 -27
87 67
4 -34
1 -29
83 78
-21 93
50 -14
-67 54
29 -31
43 -15
-6 26
59 -44
-91 29
49 37
8 -93
-23 100
-20 -36
16 84
-20 -84
-96 -38
95 -17
-46 -6
19 -13
-53 -52
6 90
33 100
-35 -59
-94 -26
70 55
-89 -73
62 -62
-73 93
2 43
26 33
60 31
95 4
-87 100
98 33
-14 -56
31 43
-66 -37
-8 -1
5 -2
24 -76
-98 -15
-48 15
23 -21
7 76
72 -68
8 -19
13 2
85 -23
-49 82
60 38
77 -10
-70 -90
53 22
-41 -93
-80 33
-68 -78
-83 -16
37 -9
13 94
-34 -16
77 24
16 -11
76 0
16 -73
-68 -25
15 -92
65 45
69 18
-84 78
-25 87
-39 7
-91 -72
41 -4
19 -47
-60 35
-12 67
-42 -97
-95 85
-47 22
-89 -15
97 26
-57 62
-80 -89
-71 -64
40 4
-77 -100
62 83
-72 2
-72 -2
6 -82
-68 94
85 -59
47 91
-75 100
12 -64
-65 8
12 -22
-81 -18
-60 -52
-32 80
53 -59
30 -36
-77 8
66 -98
-95 -29
71 -62
-86 56
-71 61
-4 -46
11 -93
-60 46
-35 52
-77 -15
84 -87
-17 -49
43 86
-7 -28
-51 -34
31 -85
-32 36
-64 90
24 -99
45 53
62 -60
57 -78
98 97
68 -88
-2 42
-3 -19
55 31
33 -52
16 -75
-30 66
-9 -100
31 10
37 17
-1 -90
18 94
14 -70
84 -30
-48 31
-33 71
43 15
12 91
97 -84
21 29
-36 -64
4 35
52 45
-15 -18
-96 -79
50 -47
83 -33
-54 -4
-3 80
66 0
10 83
-30 -97
-2 82
94 -56
48 14
23 63
0 -74
-53 -48
21 32
-16 26
4 -67
79 -14
-49 76
32 48
5 -3
-53 66
-70 17
69 28
-52 12
72 47
76 -56
9 -25
-30 6
-23 91
-63 62
-34 -9
45 -55
77 96
71 -42
-6 -25
56 -9
-60 36
59 59
-37 57
-30 85
3 96
-72 62
-29 -52
-33 -2
89 -45
-91 -45
-4 55
-50 -77
0 -80
-19 44
-55 -64
-65 -64
72 94
45 85
0 66
19 -97
61 -3
15 -69
-5 33
-20 -16
38 -11
-11 -67
-57 39
-44 -6
9 38
-63 54
24 -78
40 -54
-85 -15
81 -34
-50 -50
-31 -90
-3 34
93 93
-34 -28
-74 -97
61 15
-63 55
-47 -57
-52 12
31 -65
-35 -95
-42 56
-49 -77
-60 82
-11 -10
-69 8
-50 -21
-58 -58
-29 8
14 -3
-38 -75
62 -51
80 65
-8 78
-24 74
-88 -9
79 -80
-54 80
-56 -64
11 -17
26 43
92 77
72 -67
69 -58
-9 -17
-11 53
8 -50
52 -63
65 95
-86 -60
68 77
31 -4
98 28
-25 92
64 86
-26 -60
-22 -85
-84 -51
-52 85
-59 -10
-83 -20
93 -25
30 45
12 -6
39 -24
-16 -44
-47 66
52 -100
-7 77
42 -94
12 -85
-54 91
82 -88
90 -71
48 82
-31 65
-39 -38
91 42
57 -48
86 -55
29 -30
1 32
86 -98
-18 -22
29 -77
-66 -60
89 -19
81 70
-57 71
50 91
52 -82
6 63
-70 -54
4 37
-2 -60
82 -74
10 -68
8 -5
85 40
23 13
63 7
54 2
38 34
-29 82
-46 71
22 56
40 -73
19 20
-77 73
-43 22
-88 -62
-2 -28
-79 57
17 -95
-4 90
-31 -41
-3 -78
11 -66
6 32
-85 61
3 38
-34 -58
15 35
12 -11
8 69
-90 -30
58 8
43 79
-86 -91
34 11
100 -98
20 -4
75 -70
30 -19
62 -4
92 -36
-67 -43
-44 -2
43 69
87 -50
-13 47
-30 -56
-95 63
73 -81
73 7
30 72
-41 -51
-33 -66
-21 47
-35 -59
-58 -44
-45 -75
-37 -38
24 -95
-70 -40
-95 -33
58 -74
12 63
89 -16
82 61
41 -38
-18 51
11 49
35 41
-54 100
32 -12
-95 37
14 -82
99 88
75 79
98 80
-54 55
56 58
17 45
92 -51
-45 -17
-39 38
84 72
-64 18
-38 -18
-33 44
21 -28
-19 -66
-60 -21
-79 -86
-92 -82
45 -46
24 0
62 91
-56 3
-61 -50
36 0
88 19
-78 74
-64 -66
-94 -47
79 27
25 -41
61 66
-12 32
30 -4
0 -26
50 -77
75 -39
-86 69
65 -97
-82 0
-46 56
70 -74
30 56
-40 36
-91 -62
-38 -16
-53 -78
-51 -14
4 80
82 -97
-97 -18
78 78
43 42
47 7
45 15
58 49
-29 27
75 -100
-18 -65
36 -59
-77 48
26 -79
20 25
7 -77
4 -12
77 -42
70 54
-65 -37
-5 32
20 91
-53 -23
39 18
54 14
18 87
-1 -97
-73 22
51 3
43 -30
-72 -51
-57 -18
-12 -81
40 -93
74 76
-30 -32
7 91
-92 4
-83 48
-79 22
-39 -11
8 60
-8 -15
-69 93
89 25
-88 -84
74 -45
-2 -89
-25 -62
-81 -52
64 -11
-34 -80
-71 -25
25 -53
-78 -4
69 -67
86 -74
43 -73
-39 74
-80 -51
-52 83
-85 -78
-62 -36
84 13
-48 -98
61 66
-58 77
86 -29
-49 -40
18 -77
57 -64
-94 -8
-88 49
-31 -26
-27 -61
-27 21
-78 -61
-7 -40
3 -23
