1000 1000
33
34
39
45
59
60
64
69
91
111
125
140
147
151
152
154
168
171
183
192
194
202
206
210
212
222
228
235
241
272
276
281
282
284
291
294
300
306
314
330
334
348
350
356
403
436
437
455
462
474
515
524
538
566
604
611
615
620
630
632
637
639
651
655
661
671
686
690
702
710
720
721
725
732
733
736
773
775
779
793
795
797
821
826
833
837
839
842
843
856
865
866
878
884
889
890
892
904
912
913
915
918
937
944
963
987
996
1027
1037
1047
1053
1063
1064
1065
1071
1093
1109
1130
1134
1136
1138
1146
1163
1166
1167
1176
1185
1191
1200
1202
1212
1272
1298
1330
1331
1345
1355
1367
1381
1390
1394
1397
1407
1409
1410
1417
1425
1429
1430
1436
1439
1442
1445
1448
1463
1468
1483
1489
1500
1507
1529
1543
1575
1596
1610
1616
1621
1624
1645
1647
1650
1651
1652
1664
1676
1680
1690
1734
1738
1750
1756
1761
1766
1805
1832
1836
1850
1867
1892
1894
1909
1926
1928
1933
1935
1950
1952
1954
1971
1984
2018
2026
2040
2051
2056
2064
2065
2077
2078
2094
2095
2106
2131
2155
2171
2179
2189
2207
2219
2220
2226
2236
2237
2245
2261
2266
2270
2272
2278
2286
2288
2303
2325
2331
2338
2346
2353
2359
2360
2369
2370
2372
2375
2392
2396
2397
2402
2426
2429
2435
2437
2451
2453
2470
2476
2477
2479
2483
2508
2534
2548
2558
2564
2583
2601
2602
2624
2628
2634
2652
2669
2677
2691
2708
2723
2724
2726
2730
2743
2752
2756
2779
2780
2783
2791
2797
2805
2807
2809
2812
2836
2851
2890
2891
2898
2919
2920
2922
2924
2928
2934
2943
2952
2988
3007
3024
3058
3061
3071
3099
3111
3127
3156
3163
3170
3175
3179
3192
3231
3233
3242
3247
3250
3255
3260
3262
3280
3283
3289
3291
3293
3300
3302
3320
3331
3332
3334
3338
3360
3363
3364
3378
3389
3396
3400
3422
3439
3448
3449
3454
3455
3456
3471
3515
3516
3518
3532
3545
3553
3554
3559
3576
3578
3581
3586
3618
3619
3635
3649
3655
3656
3659
3660
3674
3675
3685
3690
3724
3743
3770
3771
3779
3782
3792
3803
3818
3821
3831
3879
3901
3920
3930
3947
3953
3960
3976
3978
3979
4001
4011
4019
4047
4052
4054
4059
4065
4083
4120
4136
4141
4150
4162
4192
4205
4206
4211
4214
4219
4223
4225
4251
4263
4266
4267
4273
4283
4288
4299
4325
4328
4343
4351
4358
4360
4363
4368
4370
4374
4375
4401
4404
4413
4416
4417
4423
4440
4460
4476
4492
4510
4531
4566
4569
4575
4580
4594
4597
4599
4604
4608
4622
4632
4640
4641
4653
4658
4674
4698
4704
4724
4726
4754
4767
4770
4771
4775
4778
4795
4816
4821
4822
4833
4854
4855
4856
4873
4878
4879
4886
4889
4893
4903
4917
4925
4931
4934
4936
4941
4968
4990
5019
5023
5034
5038
5053
5058
5059
5074
5106
5107
5127
5131
5157
5163
5173
5190
5200
5206
5213
5254
5272
5285
5297
5303
5306
5328
5333
5345
5346
5350
5353
5363
5364
5379
5386
5396
5400
5405
5409
5410
5428
5429
5443
5447
5449
5484
5485
5489
5496
5501
5544
5554
5555
5558
5565
5570
5574
5586
5592
5604
5608
5622
5629
5630
5631
5656
5660
5672
5678
5679
5685
5688
5694
5700
5701
5702
5705
5711
5714
5721
5733
5754
5761
5765
5766
5773
5779
5781
5782
5794
5808
5816
5819
5830
5832
5845
5860
5861
5864
5869
5875
5887
5891
5897
5906
5920
5928
5931
5936
5952
5957
5966
5983
5987
5989
5992
6003
6004
6012
6013
6031
6039
6055
6066
6067
6087
6096
6119
6143
6145
6157
6163
6172
6209
6220
6233
6253
6263
6269
6283
6290
6296
6299
6309
6313
6318
6341
6353
6365
6375
6378
6414
6431
6442
6463
6465
6474
6479
6483
6486
6511
6524
6535
6542
6543
6573
6574
6586
6591
6615
6653
6654
6665
6667
6671
6677
6684
6688
6696
6701
6703
6704
6709
6727
6736
6745
6748
6752
6759
6763
6790
6795
6804
6805
6809
6814
6815
6818
6874
6877
6879
6882
6883
6888
6900
6904
6911
6920
6923
6925
6935
6942
6945
6952
6966
6974
6980
6998
6999
7007
7023
7032
7046
7061
7090
7108
7119
7126
7139
7140
7156
7164
7165
7183
7187
7203
7207
7211
7215
7216
7228
7242
7243
7245
7256
7265
7279
7311
7339
7352
7370
7378
7381
7406
7412
7432
7467
7482
7487
7488
7495
7511
7521
7531
7532
7536
7543
7552
7564
7574
7589
7598
7623
7642
7658
7662
7695
7697
7720
7741
7762
7772
7776
7819
7820
7821
7829
7832
7834
7861
7862
7866
7868
7877
7886
7892
7915
7916
7917
7920
7941
7954
7955
7957
7965
8006
8007
8015
8037
8042
8057
8059
8061
8063
8069
8105
8111
8112
8115
8123
8132
8148
8153
8161
8180
8198
8199
8207
8238
8240
8246
8257
8259
8266
8276
8284
8294
8299
8315
8329
8334
8363
8376
8378
8380
8390
8397
8399
8412
8413
8433
8475
8477
8482
8503
8517
8533
8545
8553
8567
8570
8600
8620
8632
8669
8677
8682
8709
8714
8730
8734
8740
8745
8766
8775
8778
8825
8850
8855
8858
8865
8880
8899
8917
8925
8937
8942
8951
8959
8962
8976
8988
8994
9000
9034
9041
9045
9047
9055
9087
9089
9095
9119
9130
9174
9196
9211
9224
9257
9264
9272
9276
9286
9328
9332
9337
9348
9381
9386
9392
9405
9410
9423
9439
9443
9462
9465
9467
9472
9477
9480
9482
9489
9496
9503
9521
9522
9532
9538
9553
9564
9582
9596
9602
9610
9617
9618
9625
9626
9634
9649
9652
9659
9662
9671
9672
9682
9685
9686
9688
9692
9698
9700
9703
9720
9721
9742
9746
9772
9779
9784
9786
9790
9795
9806
9812
9817
9837
9838
9856
9861
9876
9878
9885
9889
9903
9910
9912
9917
9930
9931
9937
9939
9942
9961
9967
9971
9978
9980
9999
-7 85
-89 91
-98 55
12 -34
-69 -37
-49 -19
89 74
-70 -50
-19 79
-46 94
93 -35
94 17
-94 9
-95 -85
-23 56
96 70
-10 -94
61 -58
61 -78
8 92
-65 10
-28 -77
-17 2
-77 14
-70 -72
8 -77
-57 -49
40 -51
61 45
-85 -63
-50 -90
58 41
-84 -32
83 78
-10 -59
19 -25
51 42
-51 84
94 -28
-52 -76
-50 56
-53 -6
-94 37
43 17
-69 8
5 -18
18 -38
73 35
30 5
-38 70
-4 31
95 -54
-28 -57
81 -84
-34 -72
-60 16
34 -63
-91 -10
24 3
-93 55
-90 12
87 -21
24 9
64 -97
-86 -75
73 10
6 67
7 79
61 -63
45 -74
-35 85
42 49
72 2
-62 -5
55 96
100 15
-43 87
94 81
-5 57
84 -41
32 6
20 -62
-27 -74
67 -67
-37 11
-91 -22
-55 1
-74 -84
-98 -86
-39 7
-90 -40
-78 -33
97 66
99 -58
23 82
1 -96
-12 -80
-58 11
97 59
-6 -91
-31 3
-63 -36
54 -87
-70 7
-72 -9
-87 89
2 86
-95 -52
52 -97
-10 -76
36 92
-72 74
62 -79
-16 59
80 28
18 100
81 56
-37 34
69 -6
-60 97
35 -96
35 87
90 41
-65 41
-6 25
15 -71
-34 -6
-98 -72
15 -64
37 -56
14 -46
94 -6
60 -93
79 29
-49 -82
25 86
-78 -90
23 63
51 58
-47 -56
-68 69
-76 -1
-38 77
-23 27
-87 64
71 -23
68 15
22 28
22 0
-44 73
-32 31
8 -59
41 -70
-97 -59
38 -44
-14 71
75 10
-81 -64
-14 -54
63 -51
60 -16
-23 27
99 99
-96 20
-2 -90
-8 16
42 50
57 -68
81 60
-26 18
67 10
-12 41
70 -43
28 -95
3 -10
-95 -38
24 -18
40 22
-20 44
92 28
55 -67
-57 -54
84 51
-72 64
-40 2
-69 -74
62 20
18 31
27 -55
-13 -70
-15 -8
-58 -91
74 82
-19 -97
26 -77
-19 -70
-94 -26
-24 90
-76 -46
3 -15
57 35
-39 -32
-96 79
50 31
74 -64
11 -41
-22 54
-82 -99
35 -51
-96 -90
-78 -65
-60 -71
9 -34
-82 34
21 -28
-82 -73
-94 -21
-55 61
-92 95
-9 82
81 -98
91 -42
56 59
-41 -60
-92 -87
-49 -70
-52 -9
-41 58
8 -72
-9 79
0 -41
-95 -44
-12 -50
-84 -4
96 -43
-72 76
-91 -82
-66 15
78 -7
56 36
-43 57
66 5
98 76
-88 5
54 -47
-17 -97
12 -62
-41 51
-11 -75
-54 -66
-18 -26
-91 -58
-57 -57
57 71
-13 -38
6 44
-82 -79
99 67
97 -89
-29 0
-86 5
3 27
43 62
-23 82
37 -27
-85 70
-2 -75
-89 -9
-82 18
-39 -45
31 67
49 -1
88 48
-35 35
9 37
-66 23
92 38
100 34
-51 -74
-34 37
-50 -69
6 -2
-94 -33
89 -75
85 -51
-70 15
66 80
-86 53
-23 -71
-13 36
66 -28
-92 57
60 -92
-59 -92
85 -43
45 85
-12 -100
-18 -5
-33 -30
-30 -98
-31 0
-33 -66
-21 -69
38 56
-39 75
-9 -74
-54 0
34 -95
-42 25
65 93
82 -41
78 -31
-40 -41
14 -23
-20 84
-21 -1
-16 47
-16 63
78 -79
-31 -62
46 10
-85 93
60 -1
48 68
74 -38
61 55
22 38
74 32
47 -12
59 77
-79 -62
-74 5
35 10
-82 -38
-19 -63
-49 -74
47 -34
69 -43
15 -33
-76 -12
29 85
-58 -100
-28 66
32 -81
-97 -9
46 -75
-21 22
-20 64
-69 -2
-75 -38
-15 -24
-61 83
-8 58
-61 -94
-76 -37
-6 4
-52 -14
4 -30
-98 87
-61 -95
-73 86
81 6
7 -39
-81 -11
9 -56
1 95
21 40
77 -88
-52 -85
70 -78
-72 -37
26 -24
0 -70
-3 2
67 36
-43 94
-29 -62
-51 79
-1 -32
-83 58
12 18
52 83
-92 28
46 -94
-7 15
-72 22
28 55
48 -73
35 -56
-21 1
81 37
-6 -49
25 -7
80 -77
61 47
31 -78
-85 -17
-95 74
61 51
80 -96
-85 -93
26 43
62 -77
21 -54
-32 50
47 99
-14 91
100 -90
-17 30
84 94
-24 15
-84 -9
48 72
-36 8
-28 -57
12 -13
-99 88
80 63
-89 -50
60 -71
-100 6
-73 -64
-53 -74
-53 -20
56 81
-26 83
-55 -60
-27 43
-89 -12
-49 -17
-19 13
20 -18
-49 -1
96 -38
0 55
-9 0
-90 -32
36 -43
-56 33
38 -100
-36 62
33 9
-99 -95
-98 -88
-57 -97
-55 25
16 65
-94 17
-87 -99
29 13
56 70
63 67
-63 -1
74 -18
82 11
-68 -55
-78 65
5 -77
20 7
86 64
10 -70
-12 76
45 -6
-7 9
-54 -79
72 -99
92 35
18 79
84 -8
-40 65
53 -58
61 76
57 -35
99 -23
72 35
91 -69
15 -22
-94 -40
22 -51
19 18
-29 -10
20 -88
75 88
91 8
-21 -99
-27 -68
-57 -67
-93 -100
-52 56
-73 70
-10 -83
-100 56
-55 57
-85 67
-94 -16
-15 -73
24 55
90 -1
42 80
-94 72
31 -71
-97 75
-88 61
25 -90
-34 52
80 7
19 30
-38 64
-63 -73
-20 94
11 15
-80 -66
-31 60
-17 62
-11 -10
33 -80
-31 -14
45 -18
-54 -31
-8 12
71 -78
-82 -11
2 -20
-48 39
7 -18
32 68
98 2
-98 -34
-39 -15
78 51
25 10
21 45
96 -35
77 92
34 -82
4 -46
-60 -28
43 -7
3 45
-69 -91
-74 14
28 -77
66 30
-60 78
65 -83
-22 -60
-22 99
85 -77
-37 11
-85 47
29 -31
-100 20
41 -7
-88 -57
88 -57
-97 -87
7 31
88 -27
-90 78
-50 25
45 28
15 73
26 -51
97 39
60 62
-15 -11
-70 -15
-92 21
78 71
15 65
-87 -32
28 -29
99 -35
44 59
93 44
-17 38
-29 99
10 47
-53 -44
-65 58
-83 20
-54 98
-96 -96
-31 32
75 84
-54 38
-49 24
-92 100
90 2
58 82
-55 91
-31 -34
39 30
63 37
86 98
-6 54
17 -10
1 -29
-6 70
53 -82
53 99
56 54
23 15
53 -38
-84 -40
94 -88
-99 -87
-72 40
43 92
-74 -22
39 -30
82 -94
60 -17
-73 -97
-48 81
-79 56
29 28
9 -99
-58 -38
-87 -92
-28 -93
-80 -27
-80 -51
64 13
91 90
91 -21
-40 23
-15 70
-95 13
74 -93
-57 45
63 72
-28 -28
24 -36
-16 37
-27 6
44 -7
80 14
-8 43
77 -68
-18 18
-38 -8
-60 47
-38 96
-91 86
-98 -98
-20 66
25 53
88 -52
-84 -79
85 -61
27 -21
-17 -44
43 25
49 20
58 -69
-63 70
-27 -23
-34 -15
-28 -24
-30 -76
-72 1
40 53
-47 27
-100 -81
-2 36
-91 76
65 -8
-69 7
-84 81
-74 24
62 -87
-7 -66
-60 60
-30 -38
86 40
-13 -87
91 -74
67 94
4 17
64 52
-98 73
27 67
-36 9
-26 -20
-61 -50
-96 -100
-86 -53
85 -46
-94 -46
17 92
45 -97
-95 35
80 22
-21 -17
89 -58
-65 92
-86 12
58 -22
-80 82
8 -41
-68 12
-91 97
60 45
-50 16
49 67
8 -7
20 -37
79 0
35 -93
33 23
-51 18
14 -37
-70 -78
-9 -50
-97 99
-40 86
-39 -81
82 71
64 83
-14 13
-1 44
56 -81
-94 -16
-31 41
-9 52
-86 -10
-30 28
53 0
0 -57
0 4
93 60
-61 -47
80 -79
-77 -7
-97 -41
56 2
-97 -38
-29 60
-4 -10
-49 88
-58 -35
-73 12
43 81
-89 -57
74 11
-3 66
-79 36
-82 51
7 92
94 -40
-99 50
63 -96
62 84
14 -43
-26 65
95 16
80 -78
78 -27
53 39
16 26
-51 63
-8 -80
-2 -40
21 56
-98 15
-85 -97
-86 28
58 76
12 -29
83 36
87 78
-99 16
100 79
89 52
17 -46
-73 16
-84 -31
-13 -35
-20 58
-80 -68
-28 86
-65 -64
14 43
62 76
64 45
11 50
-28 -38
-34 -79
91 -96
23 -43
-41 50
73 -75
-81 -91
-60 -51
68 -40
-19 90
97 -34
-74 10
-92 38
-65 72
-68 -4
-28 4
58 -12
25 48
-8 98
55 1
48 27
27 17
-13 67
16 -46
78 97
-57 24
-38 -81
-67 -30
8 -32
92 40
14 -37
95 -29
1 -31
69 44
-33 23
-56 65
100 21
-19 -14
-62 97
-10 66
43 -16
-11 -96
-47 22
-76 61
40 -85
-49 -47
-71 -55
-26 -20
14 93
-77 31
15 -32
-5 -36
39 26
1 77
-28 91
42 -86
-76 -70
69 -22
2 93
89 92
59 -61
95 38
-66 -32
-83 -1
-90 -59
-71 -25
-41 25
40 98
-50 91
25 -27
31 -34
-13 56
-53 -44
84 49
99 72
41 57
62 -15
-6 96
54 -38
-6 14
3 -26
90 12
99 29
-41 99
19 84
-29 100
-100 9
55 -53
65 38
96 63
-40 -14
-30 72
72 14
17 -25
76 62
89 -22
-65 78
40 -67
-44 100
82 25
33 -47
25 33
62 -71
80 -24
18 26
89 78
-89 -42
-1 33
73 -85
-93 -2
27 47
27 62
-26 -34
45 31
-85 27
-95 49
30 30
-19 -9
60 -39
17 -73
87 5
55 48
14 -47
-69 -64
-82 89
34 46
35 -40
7 -91
-23 -48
-10 -8
29 -5
-60 -42
76 22
-1 -15
33 -85
12 -31
-30 -34
-84 84
19 98
70 37
87 -46
-68 21
14 40
-20 41
42 20
-67 -30
-85 -77
-22 41
-5 77
-75 -73
92 37
-54 -89
-98 -87
46 -29
-90 15
58 97
69 91
-32 -67
-20 -2
74 72
-82 57
-59 84
31 -31
24 -75
-55 49
-97 87
-65 -51
98 88
-38 43
-42 -27
-92 66
-31 77
6 -13
-91 86
86 34
57 -97
-60 48
37 71
-84 -40
97 -89
59 100
48 94
-52 46
81 11
-62 89
34 -54
4 -98
74 -90
-10 83
46 -75
-34 -47
79 -43
51 15
-73 18
75 74
29 33
73 -23
-24 72
73 -44
-68 -90
95 66
-93 -2
18 81
-42 58
13 -96
83 30
-93 61
87 58
-25 -87
-25 100
88 55
-18 10
82 58
