1000 1000
1
9
31
44
61
62
85
97
108
124
134
140
142
146
172
185
215
234
238
241
253
256
267
286
289
290
296
305
307
344
347
376
378
395
398
410
429
439
441
486
492
504
514
527
545
546
549
566
568
592
597
602
603
605
614
615
618
623
654
656
676
678
717
722
744
748
753
757
766
775
784
791
809
816
818
827
849
861
862
877
905
906
919
921
928
934
956
962
963
967
971
974
976
990
1007
1017
1021
1028
1038
1078
1079
1082
1084
1087
1095
1102
1104
1131
1143
1145
1163
1165
1167
1171
1180
1202
1209
1216
1232
1238
1244
1254
1259
1274
1283
1290
1358
1374
1384
1385
1401
1411
1418
1437
1449
1455
1474
1505
1519
1530
1531
1590
1611
1614
1622
1624
1635
1638
1658
1659
1662
1673
1674
1685
1689
1695
1696
1697
1700
1706
1707
1710
1727
1738
1748
1776
1779
1813
1815
1839
1856
1858
1860
1880
1887
1899
1926
1928
1930
1935
1951
1983
1989
2002
2004
2020
2034
2039
2051
2058
2061
2081
2088
2097
2105
2106
2110
2113
2115
2140
2141
2149
2157
2172
2180
2199
2202
2207
2221
2244
2248
2256
2263
2267
2278
2308
2323
2325
2333
2364
2378
2380
2388
2389
2399
2401
2420
2429
2432
2470
2471
2480
2496
2499
2502
2520
2527
2553
2561
2566
2568
2581
2583
2584
2595
2621
2634
2643
2655
2656
2671
2672
2674
2677
2692
2699
2707
2712
2714
2724
2742
2762
2766
2788
2802
2803
2849
2877
2888
2912
2913
2922
2933
2941
2961
2966
2971
2974
2988
3002
3013
3023
3036
3055
3076
3086
3096
3100
3104
3105
3121
3127
3143
3149
3176
3183
3190
3207
3209
3215
3242
3254
3262
3263
3269
3275
3279
3298
3319
3341
3357
3396
3399
3406
3416
3429
3433
3439
3443
3455
3480
3483
3491
3493
3506
3510
3514
3524
3542
3553
3579
3594
3600
3617
3621
3639
3657
3683
3691
3699
3702
3704
3710
3714
3732
3736
3754
3772
3784
3787
3801
3804
3825
3830
3833
3854
3860
3878
3879
3885
3902
3903
3906
3913
3928
3929
3933
3936
3943
3945
3961
3967
3985
3989
3996
4010
4019
4028
4031
4035
4049
4051
4052
4053
4084
4092
4103
4123
4124
4125
4141
4155
4157
4166
4175
4179
4183
4193
4195
4200
4207
4238
4241
4243
4271
4272
4284
4286
4290
4295
4299
4301
4304
4310
4321
4334
4349
4377
4389
4400
4403
4429
4434
4451
4453
4465
4470
4503
4505
4514
4518
4526
4529
4534
4538
4541
4548
4561
4564
4569
4572
4578
4586
4588
4623
4629
4630
4648
4667
4675
4676
4687
4720
4724
4730
4744
4749
4777
4796
4806
4811
4815
4840
4842
4843
4855
4875
4896
4907
4913
4915
4922
4923
4925
4934
4953
4973
4991
5007
5009
5022
5045
5069
5071
5073
5075
5083
5087
5101
5106
5107
5119
5120
5122
5127
5137
5146
5148
5149
5152
5159
5162
5163
5172
5177
5183
5184
5186
5191
5196
5207
5208
5220
5271
5273
5283
5301
5305
5307
5313
5349
5350
5358
5361
5364
5366
5367
5368
5406
5431
5433
5443
5462
5494
5496
5499
5518
5522
5532
5535
5554
5561
5580
5585
5588
5639
5656
5665
5671
5684
5689
5698
5701
5706
5712
5715
5717
5719
5725
5728
5729
5735
5739
5748
5761
5770
5808
5812
5817
5822
5824
5827
5832
5839
5845
5846
5860
5864
5869
5872
5878
5885
5897
5915
5925
5950
5976
5983
5988
5990
5992
5993
6013
6026
6028
6048
6062
6064
6071
6086
6092
6116
6120
6125
6135
6146
6150
6157
6167
6175
6176
6183
6185
6219
6239
6242
6245
6269
6288
6291
6312
6317
6319
6324
6354
6364
6374
6383
6385
6391
6406
6408
6431
6436
6442
6466
6476
6485
6503
6511
6515
6521
6533
6539
6547
6577
6584
6594
6595
6602
6615
6624
6628
6637
6639
6643
6653
6674
6693
6704
6708
6709
6712
6716
6732
6734
6741
6743
6746
6751
6752
6764
6766
6769
6773
6793
6797
6802
6815
6816
6828
6846
6849
6854
6884
6888
6889
6894
6899
6907
6909
6910
6941
6942
6964
6968
6980
6987
6993
7001
7024
7025
7036
7040
7047
7053
7058
7074
7088
7096
7101
7116
7138
7154
7159
7170
7175
7177
7184
7187
7221
7234
7247
7262
7269
7287
7295
7301
7309
7318
7324
7336
7350
7355
7356
7358
7372
7376
7378
7380
7395
7396
7426
7433
7456
7465
7466
7485
7487
7502
7503
7509
7510
7519
7520
7523
7528
7530
7538
7558
7561
7566
7581
7601
7612
7627
7634
7657
7660
7674
7681
7692
7709
7713
7714
7719
7720
7742
7745
7747
7760
7776
7780
7811
7820
7835
7873
7877
7931
7973
7989
7994
8023
8032
8035
8055
8057
8066
8088
8090
8096
8100
8116
8122
8126
8130
8138
8149
8161
8175
8179
8188
8191
8209
8210
8220
8221
8239
8245
8263
8282
8289
8327
8343
8344
8345
8354
8377
8382
8387
8390
8398
8416
8417
8424
8425
8432
8433
8496
8508
8509
8513
8521
8531
8534
8559
8568
8574
8576
8582
8593
8617
8618
8625
8638
8643
8644
8646
8649
8653
8657
8666
8667
8683
8692
8706
8720
8737
8740
8761
8765
8773
8787
8796
8804
8812
8813
8820
8824
8828
8836
8840
8848
8852
8853
8857
8871
8874
8906
8927
8932
8936
8944
8946
8959
8968
8984
8987
8992
8996
8997
9064
9082
9093
9094
9103
9113
9114
9120
9127
9142
9144
9188
9192
9209
9225
9231
9238
9245
9262
9263
9267
9268
9313
9315
9316
9318
9324
9337
9353
9356
9357
9365
9371
9374
9392
9407
9429
9455
9469
9474
9494
9495
9498
9501
9510
9511
9521
9524
9530
9531
9532
9535
9541
9548
9551
9574
9609
9610
9615
9617
9644
9648
9653
9654
9681
9683
9685
9716
9725
9727
9731
9735
9763
9766
9776
9814
9819
9824
9827
9830
9831
9844
9846
9864
9865
9875
9878
9897
9902
9905
9909
9917
9928
9937
9966
9982
9989
9992
9998
86 76
-7 12
-97 37
77 -63
17 -7
55 63
73 -29
-14 33
-32 19
3 -70
80 24
-21 -48
76 3
-98 -50
66 76
91 52
2 -17
-37 5
70 -61
-7 -14
-17 98
99 -45
-32 -66
38 -13
4 91
-33 -17
15 46
-15 -10
100 -13
40 65
-87 -20
-34 15
14 30
70 -17
19 -38
20 -99
-40 18
-94 -22
3 -5
65 -94
-15 -68
-11 50
28 75
-61 -23
-89 29
93 -76
60 -42
39 -77
38 9
6 -93
21 76
59 31
-56 66
-91 47
-90 24
53 -5
6 92
-55 85
16 -66
-89 28
14 -97
2 -77
-88 -59
-54 0
0 2
7 -80
-22 -34
52 22
82 11
-82 92
-66 71
-64 41
12 -69
-25 79
-84 -14
6 30
-10 -93
53 -48
99 49
2 -2
-50 -91
-31 28
-75 71
100 57
-19 -83
48 -35
38 34
56 -100
66 -70
79 82
17 -66
-39 57
-59 64
-92 91
12 10
-62 62
-31 -43
-60 -56
-73 -61
-100 -42
-93 -2
24 45
-68 -71
45 48
-40 23
29 77
57 40
33 49
3 -9
-11 65
51 -23
26 71
35 66
-86 12
56 66
71 63
-37 -56
-43 -55
-27 -98
93 33
-25 -29
-41 83
-90 42
-19 -37
83 70
-73 34
-54 54
-46 31
-31 -32
-57 75
-67 -87
37 -53
-93 45
-8 -20
47 -15
64 72
6 -78
54 17
65 85
80 -3
4 -93
-70 1
11 -16
-69 30
3 -26
-45 -14
-13 92
-17 -6
36 76
25 -68
-90 -12
55 16
-40 -42
83 75
-57 63
-28 47
20 -48
-53 81
37 -21
-40 90
53 15
-75 91
-43 9
-66 43
-16 9
26 -56
97 -20
60 -43
38 -7
82 81
-95 -47
-22 -25
6 -25
-45 93
54 -35
82 -43
31 -94
98 88
15 82
-20 49
-9 -95
93 -63
-15 3
-56 74
46 -74
4 51
-21 82
-75 35
-43 -70
27 61
-5 -42
-83 76
-85 65
63 -20
47 -57
-71 88
99 72
-76 -16
-76 -31
-93 70
-5 11
20 24
-7 -5
-41 0
25 86
-40 71
95 -72
46 -91
93 -41
-11 -11
-48 -32
-24 -50
91 1
-16 -86
20 -9
35 -86
-98 -96
38 -5
0 97
45 -76
33 -96
45 -23
-68 -9
-64 76
0 -25
-86 52
44 -9
-99 -16
42 -64
-2 -39
27 83
-75 29
88 13
74 -13
-40 18
-39 43
-27 -94
-81 -45
-53 -45
-70 47
30 96
-52 -77
-14 -51
7 78
-65 56
89 63
38 64
-59 25
-24 66
-89 36
-67 -77
-22 6
-71 -53
62 -74
2 42
73 83
37 71
56 73
70 -37
0 -95
69 -62
68 6
-99 -92
82 -22
24 43
64 58
66 -58
-37 45
-11 75
71 42
-33 -7
-26 -97
-37 -71
27 -67
-8 -74
-62 -40
-35 56
17 -84
14 -2
-56 -62
-60 -92
96 -94
-100 -92
51 -61
34 -28
31 -100
65 -96
54 -72
-66 -20
-89 -24
-43 -51
-13 -28
55 -97
-12 -32
1 33
6 -9
-9 -49
-53 -59
-40 99
-20 44
-80 -89
44 85
-85 -3
63 -51
28 74
-24 85
73 63
-44 27
66 -6
46 -84
77 -49
7 -33
3 55
-42 13
3 39
-44 23
50 50
-43 15
97 71
15 24
44 91
-42 -33
53 -36
44 -32
59 -11
-16 -15
-9 41
3 94
-55 61
-44 -2
-1 -38
71 99
62 -72
-36 58
99 79
-68 -8
19 -10
9 -79
5 -47
-11 -87
-8 23
-2 83
-87 51
26 -41
12 32
7 61
94 -22
10 55
-44 74
-37 -96
2 -5
-54 -80
35 56
-59 -61
59 -20
-98 -100
-98 1
84 66
-99 -41
75 13
92 -18
-76 85
10 34
-10 66
7 53
20 59
98 66
79 32
-29 70
22 80
-51 24
81 -99
75 14
67 27
73 42
-61 64
74 -87
-1 -17
47 89
99 -97
-9 18
62 -12
-67 -10
70 -45
-41 -9
-66 -42
66 65
-41 -10
-22 77
-84 -99
-32 -94
15 -59
-81 -87
-26 17
-99 -28
-30 -58
40 -68
30 73
-28 -50
-73 32
-9 -88
90 -44
77 100
-3 -95
76 -37
57 -57
-31 -29
-66 -61
-15 8
56 -64
80 -75
-21 19
-93 59
-59 -20
-92 -31
62 0
-69 1
6 -93
0 53
63 -25
-84 19
-32 -65
91 2
-76 -75
-91 80
-39 39
56 -10
-93 13
-51 -51
43 -93
-32 4
-43 -1
-95 64
-44 -45
-34 -81
-19 -18
38 49
-32 -22
-99 -8
3 -90
-78 15
0 28
-96 7
-60 -97
6 34
-89 74
-63 -82
-28 93
82 -21
99 99
-2 -21
-70 86
-73 -2
-86 79
41 -33
40 63
82 -61
-10 37
46 -20
40 -98
-87 1
76 -99
20 99
44 -49
-23 42
-51 25
-80 -20
10 99
28 -26
77 -32
42 16
81 23
55 -80
-91 -49
1 50
-47 -36
-100 79
-85 -30
77 60
-28 -97
1 21
28 22
51 89
-30 -71
-38 -54
-3 -97
13 -72
-23 -83
-52 -64
-82 -1
36 -79
14 37
-100 29
57 27
-12 -72
31 40
0 -92
-39 -100
97 31
-71 -91
27 -23
63 -61
5 90
-43 3
-74 -75
-98 62
-53 16
-2 -53
-56 -95
74 -17
-67 -46
-78 33
-37 -67
34 -91
14 13
-82 -60
90 32
-70 -56
21 -63
48 47
-38 50
9 9
-85 57
6 -91
62 -20
-8 46
-16 -36
-72 -3
-3 12
7 -90
-75 -25
-99 65
57 -69
-91 -22
-82 7
75 -20
-94 -67
40 -79
91 -55
81 2
-25 -77
-53 60
-13 -74
-94 85
38 13
45 63
39 46
-22 -55
27 -13
23 45
44 -52
76 50
-19 15
21 -79
10 -49
24 86
-26 21
-5 62
47 1
-4 -15
65 -60
98 3
37 -25
-2 -37
12 -79
59 -45
-31 34
55 0
99 -75
22 8
-23 96
-57 51
16 38
-38 -87
-61 58
-52 -97
99 96
-44 35
-29 54
48 33
25 6
39 44
90 -7
-56 38
-31 66
97 -4
11 -61
97 -74
28 -41
90 17
-84 88
-30 65
84 -24
-51 -96
80 98
37 5
-47 -25
99 94
19 93
31 88
8 -23
-17 -82
17 -21
96 95
-12 85
11 5
73 81
-81 6
-94 -31
10 86
-84 -54
-60 -31
22 -61
-38 -60
-69 44
78 -10
-80 -40
8 -13
-11 3
-19 28
-62 42
83 61
-28 -99
-34 -22
-30 76
-36 -14
72 4
6 -7
-7 68
-17 -25
11 -40
65 32
-30 -28
69 10
26 -50
-63 64
92 -81
24 -86
71 90
-8 92
15 6
-73 -14
61 33
30 -47
-49 63
28 12
74 -58
94 -57
-35 63
3 91
-88 -10
54 54
-41 -23
18 -70
-84 -90
72 31
-34 99
67 -74
-18 -4
-20 33
-41 58
95 -68
51 89
-75 -85
51 -21
-95 13
69 59
-84 -72
86 35
-92 -99
-5 80
-18 61
28 -52
88 -91
-5 -83
-8 54
75 -13
36 25
-25 11
-10 76
90 -5
-12 9
-97 -46
-13 89
89 -55
40 -17
-76 -79
-56 2
-30 82
-38 65
99 54
-32 23
91 54
99 -35
-36 -12
91 -96
84 -22
-37 87
-17 50
26 -29
95 -35
5 69
-13 -1
-30 7
-20 32
-29 -72
-64 -11
51 -74
-58 49
-58 -44
-63 -68
-90 -80
-39 -27
57 44
-78 -18
-86 67
-2 -31
35 35
68 56
-59 98
-63 -38
-75 -77
51 77
-50 43
-25 -58
99 12
-26 60
-18 35
-68 90
-72 -95
-79 94
22 19
-38 -93
-47 81
63 -6
78 50
6 54
74 -44
-20 74
49 55
-85 -2
-33 -61
-43 -1
25 -61
-12 53
95 10
-4 17
-72 59
24 -68
-11 -64
-24 -84
36 83
70 -41
89 -51
83 38
55 98
-65 72
88 -58
-30 -38
-19 59
65 -74
-82 -39
43 97
70 -84
-72 -42
-98 -45
-26 38
-63 95
98 76
-57 80
13 98
28 -2
19 -35
40 90
27 72
-2 -9
98 -34
52 -10
-38 21
6 -59
29 8
-4 -97
96 -17
98 93
-42 91
23 22
39 -100
-81 -43
-35 10
97 42
-69 -6
-68 79
60 35
-32 73
-95 24
-87 35
82 -41
-12 77
42 -65
20 50
-75 93
-29 14
93 -59
72 -93
1 18
49 32
-88 31
-40 22
-35 -22
-6 -29
-99 -43
56 33
16 -57
-41 -93
-22 29
58 -47
21 -72
68 -37
-81 -11
-80 20
-94 19
-99 69
-50 -39
-9 15
39 35
36 -10
43 -9
73 -42
-16 -68
-84 12
61 74
66 -68
52 -17
-55 22
22 -34
-59 -22
85 -57
-53 85
-46 -12
0 94
73 86
-67 15
-23 -94
24 11
89 40
-77 -1
-37 39
-19 65
72 27
-14 -7
43 28
71 -23
21 68
-38 75
-95 62
18 79
47 2
-7 74
-42 67
-65 -54
-44 -42
45 19
47 -74
-16 18
3 70
-90 -55
-53 31
22 68
-51 84
-7 -46
-5 -90
-68 93
-38 -24
16 20
-58 51
66 -1
59 -39
68 5
-63 -49
-78 -10
72 83
35 -82
-36 -94
37 13
41 -71
67 -65
90 50
78 -48
-75 -56
72 -83
95 -12
-34 4
-1 85
-92 36
-65 82
-75 57
14 10
26 78
16 -38
-60 -94
-9 58
93 -70
7 70
-18 -18
-87 -46
-51 59
-8 -34
-38 91
-50 -80
26 -65
-99 1
93 -34
61 18
94 -74
30 -66
-67 71
92 -75
-100 -52
45 -17
-20 9
-13 29
-33 79
95 -21
69 95
-1 -56
-70 -49
-5 73
17 -45
-10 10
-19 70
-6 -36
40 -65
-11 40
-17 85
73 13
-7 -41
93 10
88 87
39 6
32 -63
50 62
-62 95
34 55
100 74
-85 -19
43 9
45 -18
45 85
72 78
69 45
-9 -89
-97 -17
21 42
-81 -41
-53 51
-54 48
-38 -15
42 46
90 42
19 -96
73 -89
-36 -33
-57 59
-49 -85
36 70
60 77
81 13
-91 1
-46 -71
10 2
30 57
-51 43
-59 41
-12 81
-68 58
36 -96
69 100
-28 63
58 -27
78 -57
-57 -13
-80 -77
100 -71
-25 -46
-92 85
6 -11
41 5
-69 32
-55 -31
13 -22
77 -52
-68 46
98 4
8 55
28 -65
98 71
22 68
94 21
98 -82
25 56
