10 1000
0 7
0 8
0 9
0 9
1 5
1 6
1 7
1 7
1 7
1 8
1 8
1 9
1 9
2 5
2 6
2 6
2 6
2 8
2 8
2 8
2 9
2 9
3 5
3 5
3 6
3 8
3 9
3 9
4 6
4 8
4 8
4 9
5 7
5 7
5 8
5 8
6 5
6 6
6 6
6 9
6 9
7 5
7 5
7 6
7 7
7 7
7 9
7 9
7 9
8 8
8 9
9 5
9 7
9 7
9 7
9 8
9 9
9 9
10 5
10 5
10 6
10 6
10 6
10 7
10 7
11 5
11 5
11 6
11 7
11 7
11 8
11 8
11 8
11 9
11 9
12 5
12 5
12 6
12 6
12 7
12 8
12 9
12 9
12 9
13 5
13 5
13 5
13 5
13 5
13 9
13 9
14 5
14 6
14 8
14 8
14 9
14 9
15 5
15 6
15 6
15 7
15 9
16 5
16 5
16 5
16 5
16 6
16 6
16 6
16 6
16 6
16 6
16 7
16 7
16 7
16 8
16 9
16 9
17 5
17 5
17 6
17 6
17 7
17 8
17 8
17 8
17 9
17 9
18 7
18 7
18 8
19 5
19 6
19 6
19 6
19 7
19 8
19 8
19 9
19 9
20 7
20 7
20 9
20 9
21 5
21 5
21 6
21 6
21 6
21 7
21 7
21 9
22 6
22 9
23 5
23 5
23 5
23 6
23 6
23 9
23 9
24 5
24 7
24 7
24 7
24 7
24 8
24 9
24 9
24 9
24 9
25 5
25 6
25 6
25 7
25 7
25 8
25 9
25 9
26 5
26 7
26 8
26 9
27 5
27 6
27 6
27 9
28 5
28 6
28 6
28 6
28 7
28 7
28 9
29 6
29 8
29 8
29 8
29 9
30 5
30 6
30 8
30 8
30 9
30 9
31 5
31 6
31 6
31 6
31 7
31 7
31 7
31 8
31 9
32 6
32 6
32 6
32 9
32 9
33 6
33 6
33 6
33 8
33 9
34 5
34 6
34 6
34 6
34 7
34 8
34 8
34 9
34 9
35 8
36 6
36 6
36 6
36 7
36 7
36 8
37 5
37 5
37 6
37 6
37 6
37 7
37 7
37 8
37 8
38 5
38 6
38 6
38 6
38 9
38 9
39 5
39 5
39 6
39 6
39 7
39 8
39 8
39 8
39 9
39 9
40 5
40 6
40 6
40 7
40 8
40 8
40 8
41 5
41 7
41 8
41 9
41 9
41 9
41 9
42 5
42 5
42 6
42 8
43 5
43 5
43 6
43 8
43 8
43 9
44 5
44 8
44 9
44 9
44 9
45 5
45 7
45 8
45 8
45 9
46 5
46 7
46 8
46 8
46 8
46 9
46 9
46 9
47 5
47 6
47 7
47 7
47 7
47 8
47 9
47 9
48 5
48 5
48 5
48 6
48 7
48 9
48 9
49 5
49 6
49 7
49 7
49 7
49 8
49 8
49 9
50 6
50 7
50 8
50 9
50 9
51 6
51 7
51 7
51 9
51 9
51 9
52 5
52 5
52 6
52 9
52 9
53 6
53 6
53 6
53 7
53 7
53 7
53 9
53 9
54 6
54 7
54 7
54 7
54 8
54 8
54 9
54 9
55 5
55 6
55 7
55 7
55 7
55 9
56 6
56 6
56 7
56 8
56 8
56 8
56 9
57 5
57 6
57 8
57 8
57 8
57 8
57 9
57 9
58 5
58 6
58 8
58 9
58 9
58 9
59 5
59 5
59 6
59 6
59 9
60 7
60 9
61 6
61 7
61 7
62 5
62 5
62 6
62 7
62 8
62 8
62 8
63 5
63 6
63 7
63 8
63 8
63 9
64 6
64 8
64 8
64 9
65 5
65 5
65 6
65 7
65 7
65 7
65 7
65 8
65 9
66 6
66 6
66 7
66 8
66 8
66 9
67 5
67 5
67 6
67 6
67 6
67 9
68 6
68 6
68 7
68 7
68 7
68 8
68 9
68 9
69 5
69 6
69 7
69 8
69 8
70 5
70 6
70 6
70 6
70 7
70 7
70 8
70 9
70 9
70 9
71 5
71 5
71 5
71 7
71 8
71 9
72 5
72 7
72 7
72 8
72 8
72 9
73 6
73 8
73 8
73 9
74 8
74 9
75 6
75 6
75 6
75 8
75 8
75 9
76 5
76 5
76 5
76 5
76 6
76 7
76 7
76 8
76 9
76 9
77 6
77 6
77 7
77 7
77 8
77 8
78 5
78 5
78 5
78 6
78 6
78 8
79 5
79 6
79 6
79 6
79 6
79 7
80 5
80 6
80 6
80 6
80 7
80 8
81 5
81 6
81 6
81 6
81 9
81 9
82 5
82 7
82 7
82 8
82 8
83 5
83 6
83 7
83 7
84 5
84 5
84 5
84 6
84 8
84 9
85 7
85 9
85 9
86 6
86 6
86 7
86 7
86 7
86 8
86 8
86 8
86 9
86 9
87 6
87 7
87 7
87 7
87 8
87 9
88 5
88 5
88 8
88 8
88 8
88 9
88 9
88 9
89 5
89 7
89 7
89 7
89 7
89 8
89 8
89 9
89 9
89 9
89 9
90 7
90 7
90 8
90 9
90 9
91 6
91 6
91 7
91 8
91 8
91 8
91 8
91 8
91 8
91 9
92 6
92 6
92 7
92 9
93 5
93 5
93 5
93 5
93 5
93 6
93 7
93 7
93 8
93 8
93 8
93 9
94 5
94 5
94 6
94 7
94 8
94 9
95 5
95 5
95 6
95 6
95 8
95 8
95 9
96 8
96 8
96 8
96 9
96 9
97 6
97 6
97 7
97 7
97 8
97 9
97 9
98 5
98 5
98 6
98 6
98 8
99 5
99 5
99 5
99 6
99 9
100 6
100 7
100 9
101 5
101 6
101 6
101 6
101 7
101 7
101 7
101 8
101 9
102 5
102 6
102 6
102 9
102 9
103 6
103 7
103 7
103 9
103 9
104 6
104 6
104 7
104 8
104 8
104 9
104 9
105 5
105 6
105 6
105 6
105 7
105 8
105 8
105 8
105 9
105 9
106 5
106 5
106 7
106 8
106 8
106 9
106 9
106 9
106 9
106 9
107 5
107 7
107 7
107 7
107 8
107 9
107 9
108 5
108 6
108 6
108 6
108 7
108 8
109 6
109 6
109 7
109 8
109 8
109 8
109 9
110 5
110 5
110 6
110 6
110 7
110 7
110 7
110 8
110 9
110 9
111 5
111 5
111 5
111 6
111 6
111 6
111 7
111 8
111 8
112 5
112 5
112 6
112 7
112 8
112 8
112 9
112 9
113 5
113 6
113 6
113 6
113 6
113 6
113 7
113 8
113 8
113 8
113 8
114 7
114 8
114 9
115 5
115 6
115 7
115 7
115 7
115 9
115 9
115 9
115 9
115 9
115 9
116 5
116 7
116 8
116 9
117 5
117 6
117 6
117 6
117 7
117 8
117 9
117 9
118 5
118 5
118 5
118 5
118 8
118 8
119 6
119 9
119 9
120 5
120 5
120 6
120 6
120 8
120 9
121 5
121 5
121 7
121 8
121 8
121 8
121 9
121 9
121 9
122 5
122 5
122 6
122 7
122 7
122 8
122 9
123 6
123 6
123 7
124 5
124 5
124 5
124 6
124 6
124 7
124 8
124 8
124 9
125 6
125 7
125 7
125 7
126 6
126 6
126 7
126 7
126 7
126 7
126 7
126 7
126 7
126 7
126 8
126 8
126 9
126 9
126 9
126 9
127 5
127 5
127 6
127 7
128 5
128 5
128 5
128 7
129 5
129 5
129 6
129 7
129 8
130 5
130 5
130 5
130 6
130 6
130 6
130 7
130 7
130 7
130 7
130 7
130 7
130 8
130 9
130 9
130 9
131 5
131 5
131 6
131 7
131 7
131 8
131 9
131 9
132 6
132 6
132 7
132 8
132 8
132 9
132 9
132 9
132 9
133 5
133 6
133 8
133 8
133 9
133 9
134 5
134 6
134 7
134 8
134 8
134 8
134 9
134 9
135 5
135 5
135 8
135 8
136 5
136 6
136 6
136 8
136 8
136 9
137 5
137 6
137 6
137 9
137 9
138 5
138 5
138 5
138 5
138 6
138 8
138 8
138 9
139 6
139 6
139 7
139 7
140 5
140 5
140 5
140 8
141 5
141 5
141 7
141 7
141 8
141 9
141 9
142 5
142 6
142 6
142 7
142 8
143 5
143 5
143 5
143 5
143 6
143 6
143 6
143 7
143 7
143 7
143 8
143 9
143 9
144 6
144 6
144 6
144 6
144 6
144 7
144 7
144 8
144 8
144 9
145 5
145 5
145 5
145 6
145 8
145 8
145 8
145 8
146 5
146 5
146 6
146 7
146 7
146 8
146 8
146 9
146 9
147 6
147 9
148 5
148 5
148 6
148 8
148 8
148 9
148 9
148 9
149 5
149 5
149 5
149 6
149 7
149 8
149 9
149 9
